depth[mm]	HF [V]	NF [V]	TGC [dB]
0,0	0,339	0,082	1,260
0,0	0,427	0,426	1,417
0,0	0,493	0,400	0,787
0,0	0,517	-0,034	0,472
0,0	0,482	-0,405	1,575
0,0	0,391	-0,341	1,732
0,0	0,278	-0,036	1,575
0,0	0,206	0,100	1,260
0,1	0,232	0,070	1,102
0,2	0,368	0,210	1,102
0,3	0,560	0,545	1,260
0,5	0,710	0,613	1,417
0,6	0,745	0,135	1,260
0,7	0,662	-0,463	1,102
0,9	0,530	-0,519	1,102
1,0	0,433	-0,015	1,102
1,1	0,412	0,388	1,260
1,3	0,436	0,214	1,260
1,4	0,442	-0,247	1,260
1,6	0,387	-0,401	1,260
1,7	0,287	-0,137	1,260
1,8	0,196	0,122	1,260
2,0	0,157	0,060	1,260
2,1	0,166	-0,154	1,260
2,2	0,183	-0,193	1,260
2,4	0,170	-0,037	1,260
2,5	0,125	0,076	1,102
2,6	0,075	0,026	1,260
2,8	0,052	-0,060	1,260
2,9	0,059	-0,040	1,260
3,0	0,074	0,042	1,260
3,2	0,075	0,065	1,181
3,3	0,056	0,017	1,181
3,4	0,032	-0,015	1,260
3,6	0,021	0,012	1,260
3,7	0,025	0,044	1,260
3,8	0,034	0,035	1,260
4,0	0,036	0,007	1,260
4,1	0,028	0,005	1,260
4,3	0,019	0,025	1,260
4,4	0,016	0,029	1,260
4,5	0,020	0,011	1,260
4,7	0,025	-0,004	1,260
4,8	0,023	0,001	1,260
4,9	0,017	0,009	1,260
5,1	0,011	0,005	1,260
5,2	0,010	-0,006	1,260
5,3	0,013	-0,008	1,260
5,5	0,015	-0,002	1,260
5,6	0,013	-0,001	1,181
5,7	0,008	-0,005	1,260
5,9	0,006	-0,007	1,260
6,0	0,007	-0,004	1,260
6,1	0,011	-0,004	1,260
6,3	0,013	-0,009	1,260
6,4	0,011	-0,012	1,260
6,5	0,009	-0,005	1,260
6,7	0,008	0,005	1,260
6,8	0,010	0,007	1,260
7,0	0,013	-0,002	1,181
7,1	0,013	-0,011	1,260
7,2	0,011	-0,011	2,047
7,4	0,006	-0,004	4,567
7,5	0,003	0,001	7,087
7,6	0,003	0,001	8,661
7,8	0,005	-0,002	9,764
7,9	0,007	-0,005	10,551
8,0	0,008	-0,007	11,181
8,2	0,008	-0,007	11,654
8,3	0,007	-0,002	11,969
8,4	0,005	0,004	12,441
8,6	0,003	0,005	12,756
8,7	0,003	0,000	13,071
8,8	0,004	0,000	13,386
9,0	0,009	0,008	13,701
9,1	0,017	0,014	14,016
9,2	0,026	0,000	14,331
9,4	0,033	-0,026	14,646
9,5	0,035	-0,033	14,961
9,6	0,033	-0,007	15,276
9,8	0,028	0,023	15,591
9,9	0,024	0,018	15,748
10,1	0,022	-0,012	16,063
10,2	0,022	-0,021	16,378
10,3	0,025	0,007	16,693
10,5	0,028	0,028	17,008
10,6	0,032	0,003	17,323
10,7	0,034	-0,032	17,638
10,9	0,035	-0,020	17,953
11,0	0,035	0,025	18,189
11,1	0,035	0,028	18,425
11,3	0,037	-0,022	18,740
11,4	0,045	-0,037	19,055
11,5	0,058	0,026	19,370
11,7	0,074	0,072	19,685
11,8	0,089	0,004	19,921
11,9	0,099	-0,095	20,157
12,1	0,107	-0,054	20,551
12,2	0,119	0,092	20,787
12,3	0,143	0,098	21,181
12,5	0,189	-0,116	21,417
12,6	0,260	-0,241	21,732
12,8	0,355	0,025	22,047
12,9	0,467	0,441	22,362
13,0	0,584	0,403	22,677
13,2	0,693	-0,227	22,992
13,3	0,782	-0,774	23,307
13,4	0,840	-0,517	23,465
13,6	0,856	0,338	23,780
13,7	0,829	0,824	24,094
13,8	0,766	0,399	24,409
14,0	0,682	-0,380	24,724
14,1	0,598	-0,589	25,039
14,2	0,528	-0,084	25,354
14,4	0,474	0,415	25,512
14,5	0,429	0,320	25,827
14,6	0,382	-0,133	26,142
14,8	0,326	-0,329	26,457
14,9	0,266	-0,104	26,772
15,0	0,210	0,157	26,929
15,2	0,167	0,129	27,244
15,3	0,139	-0,063	27,559
15,5	0,119	-0,122	27,953
15,6	0,101	-0,012	28,189
15,7	0,081	0,071	28,504
15,9	0,061	0,024	28,819
16,0	0,046	-0,043	29,134
16,1	0,038	-0,022	29,449
16,3	0,039	0,034	29,685
16,4	0,045	0,021	29,921
16,5	0,054	-0,041	30,236
16,7	0,063	-0,051	30,551
16,8	0,069	0,017	31,024
16,9	0,073	0,073	31,024
17,1	0,072	0,047	31,024
17,2	0,065	-0,022	31,024
17,3	0,053	-0,051	31,024
17,5	0,038	-0,024	31,024
17,6	0,022	0,009	31,024
17,7	0,012	0,012	30,945
17,9	0,008	0,004	30,945
18,0	0,012	0,010	30,866
18,2	0,021	0,021	30,945
18,3	0,028	0,013	30,945
18,4	0,030	-0,012	30,945
18,6	0,026	-0,026	30,945
18,7	0,019	-0,015	31,024
18,8	0,012	0,004	31,024
19,0	0,011	0,007	31,024
19,1	0,015	-0,008	31,024
19,2	0,022	-0,023	31,024
19,4	0,028	-0,023	31,024
19,5	0,029	-0,008	31,024
19,6	0,026	0,008	30,866
19,8	0,022	0,018	30,866
19,9	0,020	0,021	30,866
20,0	0,020	0,018	30,866
20,2	0,020	0,013	30,866
20,3	0,020	0,004	30,866
20,4	0,016	-0,007	30,945
20,6	0,011	-0,011	30,945
20,7	0,006	-0,007	30,866
20,9	0,005	0,000	30,866
21,0	0,007	-0,002	30,866
21,1	0,011	-0,011	30,866
21,3	0,015	-0,015	30,866
21,4	0,017	-0,003	30,866
21,5	0,019	0,014	30,866
21,7	0,020	0,015	30,866
21,8	0,023	-0,006	30,866
21,9	0,026	-0,027	30,866
22,1	0,030	-0,021	30,866
22,2	0,032	0,007	30,866
22,3	0,031	0,028	30,866
22,5	0,029	0,022	30,866
22,6	0,024	-0,002	30,866
22,7	0,018	-0,017	30,866
22,9	0,011	-0,012	30,866
23,0	0,007	0,000	30,866
23,1	0,007	0,000	30,866
23,3	0,010	-0,011	30,866
23,4	0,017	-0,015	30,866
23,6	0,025	-0,001	30,866
23,7	0,031	0,023	30,866
23,8	0,033	0,031	30,866
24,0	0,031	0,013	30,866
24,1	0,026	-0,015	30,866
24,2	0,020	-0,022	30,866
24,4	0,017	-0,004	30,866
24,5	0,017	0,015	30,866
24,6	0,019	0,009	30,866
24,8	0,019	-0,011	30,866
24,9	0,016	-0,018	30,866
25,0	0,012	-0,006	30,866
25,2	0,008	0,002	30,866
25,3	0,010	-0,006	30,866
25,4	0,020	-0,004	30,866
25,6	0,038	0,029	30,866
25,7	0,060	0,058	30,866
25,8	0,083	0,022	30,866
26,0	0,106	-0,072	30,866
26,1	0,126	-0,123	30,866
26,2	0,143	-0,051	30,866
26,4	0,156	0,092	30,866
26,5	0,162	0,162	30,866
26,7	0,158	0,088	30,866
26,8	0,143	-0,049	30,866
26,9	0,119	-0,115	30,866
27,1	0,091	-0,073	30,866
27,2	0,062	0,001	30,866
27,3	0,038	0,031	30,866
27,5	0,020	0,018	30,866
27,6	0,009	0,000	30,866
27,7	0,005	-0,005	30,866
27,9	0,006	-0,005	30,866
28,0	0,012	-0,001	30,866
28,1	0,022	0,015	30,866
28,3	0,032	0,031	30,866
28,4	0,039	0,021	30,866
28,5	0,041	-0,014	30,866
28,7	0,036	-0,036	30,866
28,8	0,028	-0,022	30,866
28,9	0,021	0,007	30,866
29,1	0,017	0,014	30,866
29,2	0,017	-0,005	30,866
29,4	0,017	-0,019	30,866
29,5	0,016	-0,011	30,866
29,6	0,012	0,004	30,787
29,8	0,008	0,003	30,866
29,9	0,007	-0,007	30,866
30,0	0,011	-0,006	30,866
30,2	0,018	0,011	30,866
30,3	0,024	0,022	30,866
30,4	0,026	0,013	30,866
30,6	0,022	-0,007	30,866
30,7	0,015	-0,016	30,866
30,8	0,008	-0,009	30,866
31,0	0,005	-0,001	30,866
31,1	0,008	-0,004	30,866
31,2	0,013	-0,013	30,787
31,4	0,018	-0,018	30,866
31,5	0,021	-0,012	30,866
31,6	0,020	0,000	30,866
31,8	0,018	0,010	30,866
31,9	0,017	0,015	30,866
32,1	0,016	0,016	30,866
32,2	0,015	0,010	30,866
32,3	0,014	-0,001	30,866
32,5	0,013	-0,011	30,866
32,6	0,011	-0,010	30,866
32,7	0,011	0,001	30,866
32,9	0,012	0,012	30,866
33,0	0,015	0,012	30,866
33,1	0,017	0,001	30,866
33,3	0,018	-0,012	30,866
33,4	0,018	-0,018	30,866
33,5	0,016	-0,012	30,866
33,7	0,014	-0,001	30,866
33,8	0,012	0,008	30,866
33,9	0,009	0,009	30,866
34,1	0,006	0,004	30,866
34,2	0,003	0,000	30,709
34,3	0,002	0,000	30,866
34,5	0,003	0,003	30,787
34,6	0,007	0,005	30,866
34,8	0,010	0,001	30,866
34,9	0,012	-0,006	30,866
35,0	0,013	-0,011	30,866
35,2	0,012	-0,011	30,866
35,3	0,011	-0,011	30,866
35,4	0,013	-0,013	30,866
35,6	0,018	-0,015	30,787
35,7	0,022	-0,009	30,787
35,8	0,025	0,005	30,709
36,0	0,024	0,018	30,709
36,1	0,018	0,019	30,787
36,2	0,012	0,009	30,866
36,4	0,007	-0,001	30,866
36,5	0,006	0,000	30,866
36,6	0,009	0,010	30,866
36,8	0,016	0,015	30,866
36,9	0,022	0,006	30,866
37,0	0,025	-0,012	30,866
37,2	0,023	-0,022	30,866
37,3	0,017	-0,014	30,866
37,5	0,012	0,001	30,787
37,6	0,009	0,008	30,787
37,7	0,009	0,001	30,709
37,9	0,011	-0,010	30,787
38,0	0,013	-0,012	30,866
38,1	0,012	-0,003	30,866
38,3	0,009	0,006	30,866
38,4	0,006	0,005	30,866
38,5	0,005	-0,002	30,866
38,7	0,006	-0,005	30,866
38,8	0,010	0,003	30,866
38,9	0,014	0,013	30,866
39,1	0,017	0,015	30,709
39,2	0,017	0,006	30,787
39,3	0,016	-0,006	30,866
39,5	0,013	-0,012	30,866
39,6	0,010	-0,010	30,866
39,7	0,008	-0,006	30,866
39,9	0,007	-0,004	30,787
40,0	0,008	-0,005	30,866
40,2	0,011	-0,001	30,866
40,3	0,013	0,007	30,866
40,4	0,014	0,013	30,866
40,6	0,013	0,012	30,787
40,7	0,010	0,004	30,709
40,8	0,007	0,000	30,866
41,0	0,007	0,001	30,866
41,1	0,010	0,001	30,866
41,2	0,015	-0,009	30,866
41,4	0,021	-0,020	30,866
41,5	0,024	-0,020	30,866
41,6	0,025	-0,001	30,866
41,8	0,024	0,019	30,866
41,9	0,023	0,021	30,787
42,0	0,024	0,000	30,709
42,2	0,026	-0,023	30,709
42,3	0,028	-0,025	30,787
42,4	0,028	-0,006	30,787
42,6	0,024	0,014	30,866
42,7	0,018	0,018	30,787
42,8	0,010	0,009	30,866
43,0	0,005	0,001	30,866
43,1	0,004	0,002	30,866
43,3	0,006	0,006	30,866
43,4	0,008	0,003	30,866
43,5	0,009	-0,003	30,866
43,7	0,007	-0,007	30,787
43,8	0,004	-0,004	30,787
43,9	0,002	0,000	30,866
44,1	0,003	-0,001	30,709
44,2	0,007	-0,007	30,709
44,3	0,010	-0,009	30,866
44,5	0,011	-0,002	30,787
44,6	0,010	0,007	30,866
44,7	0,008	0,007	30,866
44,9	0,007	-0,002	30,709
45,0	0,010	-0,010	30,866
45,1	0,016	-0,004	30,866
45,3	0,023	0,014	30,787
45,4	0,029	0,028	30,787
45,5	0,032	0,024	30,709
45,7	0,031	0,003	30,709
45,8	0,028	-0,017	30,866
46,0	0,021	-0,021	30,866
46,1	0,014	-0,013	30,866
46,2	0,008	-0,005	30,866
46,4	0,005	-0,003	30,866
46,5	0,005	-0,005	30,787
46,6	0,007	-0,006	30,787
46,8	0,010	-0,003	30,787
46,9	0,012	0,002	30,709
47,0	0,012	0,008	30,787
47,2	0,013	0,012	30,787
47,3	0,013	0,013	30,709
47,4	0,014	0,008	30,866
47,6	0,015	-0,001	30,866
47,7	0,013	-0,009	30,866
47,8	0,010	-0,010	30,866
48,0	0,006	-0,005	30,866
48,1	0,003	-0,001	30,866
48,2	0,002	-0,001	30,787
48,4	0,003	-0,003	30,709
48,5	0,004	-0,005	30,709
48,7	0,005	-0,004	30,787
48,8	0,005	-0,003	30,787
48,9	0,006	-0,003	30,787
49,1	0,006	-0,001	30,709
49,2	0,007	0,003	30,866
49,3	0,008	0,008	30,866
49,5	0,009	0,007	30,787
49,6	0,009	0,000	30,866
49,7	0,008	-0,007	30,866
49,9	0,008	-0,008	30,866
50,0	0,008	-0,002	30,866
50,1	0,007	0,005	30,787
50,3	0,007	0,006	30,709
50,4	0,009	0,000	30,709
50,5	0,010	-0,009	30,787
50,7	0,012	-0,012	30,787
50,8	0,014	-0,008	30,866
50,9	0,013	0,002	30,787
51,1	0,011	0,008	30,709
51,2	0,008	0,008	30,709
51,4	0,005	0,004	30,787
51,5	0,003	0,000	30,787
51,6	0,002	0,000	30,866
51,8	0,002	0,001	30,787
51,9	0,002	0,002	30,787
52,0	0,004	0,003	30,709
52,2	0,005	0,005	30,709
52,3	0,006	0,006	30,709
52,4	0,007	0,005	30,866
52,6	0,007	0,001	30,866
52,7	0,006	-0,002	30,866
52,8	0,004	-0,002	30,866
53,0	0,004	-0,001	30,866
53,1	0,005	-0,002	30,866
53,2	0,007	-0,006	30,787
53,4	0,009	-0,009	30,709
53,5	0,010	-0,009	30,709
53,6	0,010	-0,005	30,709
53,8	0,010	0,000	30,709
53,9	0,009	0,005	30,709
54,1	0,008	0,007	30,709
54,2	0,007	0,007	30,787
54,3	0,005	0,003	30,866
54,5	0,003	0,001	30,866
54,6	0,003	0,002	30,787
54,7	0,005	0,003	30,709
54,9	0,008	0,001	30,866
55,0	0,011	-0,006	30,866
55,1	0,012	-0,012	30,709
55,3	0,011	-0,010	30,709
55,4	0,009	-0,002	30,787
55,5	0,006	0,004	30,709
55,7	0,004	0,004	30,787
55,8	0,003	-0,001	30,787
55,9	0,003	-0,004	30,866
56,1	0,004	-0,004	30,866
56,2	0,005	-0,003	30,866
56,3	0,005	-0,003	30,787
56,5	0,006	-0,001	30,866
56,6	0,006	0,003	30,709
56,8	0,005	0,005	30,709
56,9	0,004	0,003	30,709
57,0	0,003	0,000	30,787
57,2	0,002	-0,002	30,787
57,3	0,002	0,000	30,866
57,4	0,002	0,002	30,866
57,6	0,002	0,002	30,787
57,7	0,002	0,000	30,787
57,8	0,002	-0,001	30,866
58,0	0,002	0,001	30,787
58,1	0,003	0,004	30,709
58,2	0,005	0,005	30,709
58,4	0,008	0,001	30,709
58,5	0,009	-0,005	30,709
58,6	0,009	-0,008	30,709
58,8	0,007	-0,007	30,709
58,9	0,006	-0,004	30,787
59,0	0,005	-0,002	30,787
59,2	0,005	-0,002	30,787
59,3	0,006	-0,001	30,787
59,4	0,006	0,002	30,787
59,6	0,006	0,006	30,787
59,7	0,006	0,005	30,787
59,9	0,005	-0,001	30,709
60,0	0,006	-0,006	30,709
60,1	0,008	-0,005	30,709
60,3	0,010	0,002	30,787
60,4	0,011	0,009	30,709
60,5	0,012	0,012	30,709
60,7	0,012	0,010	30,787
60,8	0,012	0,006	30,866
60,9	0,012	-0,001	30,866
61,1	0,011	-0,007	30,866
61,2	0,010	-0,010	30,787
61,3	0,007	-0,006	30,787
61,5	0,004	-0,001	30,709
61,6	0,003	0,002	30,709
61,7	0,003	-0,001	30,709
61,9	0,004	-0,004	30,709
62,0	0,005	-0,004	30,709
62,1	0,005	-0,001	30,709
62,3	0,004	0,001	30,787
62,4	0,003	0,001	30,709
62,6	0,003	0,001	30,709
62,7	0,004	0,003	30,866
62,8	0,005	0,005	30,787
63,0	0,006	0,005	30,709
63,1	0,006	0,001	30,709
63,2	0,005	-0,003	30,709
63,4	0,004	-0,004	30,709
63,5	0,002	-0,003	30,709
63,6	0,002	-0,001	30,787
63,8	0,002	-0,002	30,787
63,9	0,003	-0,001	30,787
64,0	0,004	0,001	30,787
64,2	0,005	0,004	30,709
64,3	0,005	0,005	30,866
64,4	0,005	0,003	30,709
64,6	0,004	-0,001	30,787
64,7	0,003	-0,003	30,709
64,8	0,003	-0,001	30,709
65,0	0,003	0,003	30,709
65,1	0,004	0,004	30,787
65,3	0,006	0,002	30,787
65,4	0,006	-0,002	30,866
65,5	0,006	-0,005	30,866
65,7	0,005	-0,005	30,866
65,8	0,004	-0,003	30,866
65,9	0,003	-0,002	30,866
66,1	0,003	-0,001	30,709
66,2	0,004	0,001	30,709
66,3	0,005	0,003	30,709
66,5	0,005	0,005	30,709
66,6	0,005	0,005	30,709
66,7	0,005	0,002	30,709
66,9	0,006	-0,001	30,709
67,0	0,006	-0,004	30,866
67,1	0,005	-0,005	30,866
67,3	0,004	-0,004	30,709
67,4	0,002	-0,001	30,787
67,5	0,002	0,001	30,787
67,7	0,003	-0,001	30,709
67,8	0,005	-0,004	30,709
68,0	0,006	-0,006	30,709
68,1	0,006	-0,003	30,709
68,2	0,005	0,002	30,709
68,4	0,003	0,002	30,709
68,5	0,002	-0,001	30,709
68,6	0,004	-0,001	30,787
68,8	0,006	0,004	30,787
68,9	0,009	0,009	30,866
69,0	0,010	0,006	30,787
69,2	0,011	-0,003	30,787
69,3	0,010	-0,010	30,709
69,4	0,010	-0,007	30,709
69,6	0,009	0,003	30,709
69,7	0,007	0,007	30,709
69,8	0,005	0,003	30,709
70,0	0,003	-0,002	30,709
70,1	0,003	-0,001	30,709
70,2	0,003	0,003	30,866
70,4	0,004	0,004	30,866
70,5	0,004	0,001	30,787
70,7	0,004	-0,003	30,787
70,8	0,003	-0,002	30,866
70,9	0,003	0,001	30,709
71,1	0,003	0,004	30,787
71,2	0,004	0,003	30,709
71,3	0,005	0,000	30,709
71,5	0,005	-0,003	30,709
71,6	0,005	-0,005	30,709
71,7	0,004	-0,004	30,709
71,9	0,003	-0,001	30,866
72,0	0,002	0,001	30,787
72,1	0,001	0,001	30,709
72,3	0,001	0,000	30,787
72,4	0,001	0,000	30,709
72,5	0,002	0,002	30,787
72,7	0,003	0,003	30,709
72,8	0,004	0,000	30,709
72,9	0,005	-0,004	30,709
73,1	0,006	-0,003	30,709
73,2	0,007	0,003	30,787
73,4	0,009	0,009	30,709
73,5	0,010	0,006	30,787
73,6	0,011	-0,002	30,787
73,8	0,010	-0,008	30,787
73,9	0,008	-0,008	30,787
74,0	0,006	-0,005	30,787
74,2	0,005	-0,004	30,709
74,3	0,006	-0,003	30,709
74,4	0,006	0,000	30,709
74,6	0,007	0,004	30,709
74,7	0,006	0,006	30,709
74,8	0,005	0,002	30,709
75,0	0,003	-0,002	30,709
75,1	0,002	-0,002	30,787
75,2	0,002	0,001	30,787
75,4	0,001	0,001	30,866
75,5	0,001	-0,001	30,709
75,6	0,002	-0,001	30,709
75,8	0,003	0,002	30,709
75,9	0,005	0,005	30,709
76,0	0,006	0,002	30,709
76,2	0,007	-0,003	30,709
76,3	0,006	-0,006	30,709
76,5	0,005	-0,005	30,709
76,6	0,004	-0,002	30,787
76,7	0,003	-0,002	30,787
76,9	0,004	-0,004	30,709
77,0	0,005	-0,002	30,709
77,1	0,006	0,003	30,787
77,3	0,005	0,005	30,787
77,4	0,004	0,002	30,709
77,5	0,003	-0,002	30,709
77,7	0,003	-0,003	30,709
77,8	0,002	-0,001	30,709
77,9	0,002	0,000	30,709
78,1	0,001	-0,001	30,709
78,2	0,001	-0,002	30,709
78,3	0,001	0,000	30,866
78,5	0,004	-0,002	30,709
78,6	0,009	-0,010	30,709
78,7	0,017	-0,013	30,709
78,9	0,025	0,001	30,709
79,0	0,033	0,026	30,709
79,2	0,040	0,038	30,709
79,3	0,045	0,016	30,709
79,4	0,050	-0,028	30,709
79,6	0,053	-0,053	30,709
79,7	0,053	-0,033	30,787
79,8	0,049	0,011	30,709
80,0	0,041	0,038	30,709
80,1	0,031	0,028	30,709
80,2	0,021	0,001	30,709
80,4	0,013	-0,011	30,709
80,5	0,008	-0,003	30,709
80,6	0,006	0,006	30,709
80,8	0,005	0,004	30,709
80,9	0,005	-0,003	30,709
81,0	0,005	-0,002	30,709
81,2	0,006	0,005	30,709
81,3	0,008	0,007	30,787
81,4	0,010	0,000	30,709
81,6	0,010	-0,008	30,709
81,7	0,009	-0,008	30,709
81,9	0,005	-0,002	30,787
82,0	0,003	0,001	30,709
82,1	0,002	0,000	30,709
82,3	0,003	-0,001	30,709
82,4	0,005	0,002	30,709
82,5	0,007	0,006	30,709
82,7	0,007	0,005	30,709
82,8	0,006	-0,001	30,709
82,9	0,005	-0,005	30,709
83,1	0,005	-0,003	30,787
83,2	0,005	0,002	30,866
83,3	0,005	0,005	30,709
83,5	0,004	0,003	30,709
83,6	0,003	0,002	30,787
83,7	0,003	0,002	30,709
83,9	0,004	0,003	30,709
84,0	0,006	0,001	30,709
84,1	0,007	-0,003	30,709
84,3	0,008	-0,006	30,709
84,4	0,007	-0,007	30,709
84,6	0,006	-0,006	30,709
84,7	0,005	-0,003	30,709
84,8	0,004	-0,002	30,787
85,0	0,004	0,000	30,709
85,1	0,003	0,001	30,709
85,2	0,002	0,002	30,709
85,4	0,001	0,001	30,709
85,5	0,001	0,000	30,709
85,6	0,001	-0,001	30,709
85,8	0,001	0,000	30,709
85,9	0,002	0,001	30,709
86,0	0,002	0,002	30,709
86,2	0,002	0,001	30,787
86,3	0,002	0,000	30,709
86,4	0,002	-0,002	30,709
86,6	0,002	-0,003	30,787
86,7	0,003	-0,002	30,787
86,8	0,003	-0,002	30,709
87,0	0,003	-0,002	30,709
87,1	0,004	-0,002	30,709
87,3	0,005	0,001	30,709
87,4	0,006	0,005	30,709
87,5	0,006	0,006	30,709
87,7	0,006	0,002	30,709
87,8	0,004	-0,002	30,709
87,9	0,002	-0,002	30,787
88,1	0,002	-0,001	30,787
88,2	0,003	-0,001	30,709
88,3	0,006	-0,005	30,709
88,5	0,008	-0,007	30,709
88,6	0,008	-0,006	30,709
88,7	0,007	0,000	30,709
88,9	0,005	0,003	30,709
89,0	0,003	0,002	30,709
89,1	0,002	0,000	30,709
89,3	0,002	0,000	30,709
89,4	0,002	0,002	30,787
89,5	0,002	0,002	30,787
89,7	0,002	0,001	30,709
89,8	0,003	0,001	30,787
90,0	0,004	0,004	30,709
90,1	0,005	0,005	30,709
90,2	0,006	0,003	30,709
90,4	0,005	-0,001	30,709
90,5	0,004	-0,004	30,709
90,6	0,003	-0,002	30,709
90,8	0,003	0,002	30,709
90,9	0,003	0,003	30,709
91,0	0,003	0,001	30,709
91,2	0,002	-0,001	30,709
91,3	0,002	-0,001	30,709
91,4	0,002	-0,001	30,787
91,6	0,003	-0,002	30,787
91,7	0,004	-0,004	30,709
91,8	0,004	-0,004	30,709
92,0	0,003	-0,002	30,709
92,1	0,002	0,001	30,709
92,2	0,002	0,000	30,709
92,4	0,003	-0,003	30,709
92,5	0,005	-0,005	30,709
92,7	0,007	-0,003	30,709
92,8	0,009	0,001	30,709
92,9	0,009	0,005	30,787
93,1	0,008	0,008	30,709
93,2	0,007	0,007	30,709
93,3	0,007	0,005	30,709
93,5	0,006	0,001	30,709
93,6	0,004	-0,002	30,709
93,7	0,003	-0,003	30,709
93,9	0,001	-0,001	30,709
94,0	0,001	0,000	30,709
94,1	0,002	-0,001	30,709
94,3	0,002	-0,002	30,709
94,4	0,003	-0,002	30,709
94,5	0,002	0,000	30,709
94,7	0,002	0,001	30,709
94,8	0,002	0,000	30,709
94,9	0,002	-0,002	30,709
95,1	0,003	-0,002	30,709
95,2	0,004	0,000	30,709
95,3	0,004	0,003	30,709
95,5	0,004	0,004	30,709
95,6	0,003	0,002	30,709
95,8	0,002	0,001	30,709
95,9	0,002	0,001	30,709
96,0	0,003	0,001	30,709
96,2	0,004	-0,001	30,787
96,3	0,004	-0,003	30,709
96,4	0,004	-0,004	30,709
96,6	0,004	-0,003	30,709
96,7	0,003	-0,001	30,709
96,8	0,002	0,000	30,709
97,0	0,002	0,001	30,709
97,1	0,002	0,002	30,709
97,2	0,003	0,002	30,709
97,4	0,003	-0,001	30,709
97,5	0,003	-0,003	30,787
97,6	0,003	-0,003	30,709
97,8	0,003	0,000	30,709
97,9	0,003	0,003	30,709
98,0	0,003	0,002	30,709
98,2	0,002	-0,001	30,709
98,3	0,001	-0,002	30,709
98,5	0,001	0,000	30,709
98,6	0,002	0,000	30,709
98,7	0,003	-0,002	30,709
98,9	0,004	-0,004	30,709
99,0	0,004	-0,004	30,709
99,1	0,003	-0,001	30,709
99,3	0,002	0,002	30,787
99,4	0,002	0,000	30,709
99,5	0,003	-0,003	30,787
99,7	0,005	-0,005	30,709
99,8	0,007	-0,004	30,709
99,9	0,007	0,001	30,709
100,1	0,006	0,004	30,709
100,2	0,004	0,005	30,709
100,3	0,003	0,001	30,709
100,5	0,003	-0,002	30,709
100,6	0,003	-0,003	30,709
100,7	0,003	-0,001	30,787
100,9	0,003	0,001	30,709
101,0	0,002	0,001	30,709
101,2	0,002	0,001	30,709
101,3	0,002	0,001	30,709
101,4	0,003	0,003	30,709
101,6	0,003	0,003	30,709
101,7	0,003	0,002	30,709
101,8	0,002	-0,001	30,709
102,0	0,001	-0,001	30,709
102,1	0,001	0,000	30,709
102,2	0,001	0,001	30,709
102,4	0,001	0,000	30,709
102,5	0,001	0,000	30,709
102,6	0,000	0,000	30,709
102,8	0,000	0,000	30,787
102,9	0,001	-0,001	30,709
103,0	0,003	-0,002	30,709
103,2	0,004	0,000	30,709
103,3	0,006	0,003	30,709
103,4	0,007	0,006	30,709
103,6	0,007	0,007	30,709
103,7	0,006	0,005	30,709
103,9	0,006	0,004	30,709
104,0	0,006	0,001	30,709
104,1	0,006	-0,002	30,709
104,3	0,005	-0,004	30,709
104,4	0,004	-0,004	30,709
104,5	0,003	-0,003	30,709
104,7	0,002	-0,002	30,709
104,8	0,002	-0,001	30,709
104,9	0,002	-0,001	30,709
105,1	0,002	0,000	30,709
105,2	0,002	0,001	30,709
105,3	0,002	0,001	30,709
105,5	0,002	0,001	30,709
105,6	0,002	0,002	30,709
105,7	0,004	0,004	30,787
105,9	0,005	0,004	30,787
106,0	0,006	0,000	30,787
106,1	0,006	-0,004	30,709
106,3	0,005	-0,005	30,709
106,4	0,004	-0,003	30,709
106,6	0,003	0,000	30,709
106,7	0,002	0,001	30,709
106,8	0,001	0,001	30,709
107,0	0,001	0,001	30,709
107,1	0,001	0,001	30,709
107,2	0,001	0,001	30,709
107,4	0,001	0,001	30,709
107,5	0,001	0,000	30,709
107,6	0,002	0,001	30,709
107,8	0,003	0,000	30,709
107,9	0,004	-0,002	30,709
108,0	0,004	-0,004	30,709
108,2	0,005	-0,005	30,709
108,3	0,004	-0,004	30,709
108,4	0,004	-0,002	30,709
108,6	0,003	0,000	30,709
108,7	0,002	0,001	30,709
108,8	0,002	0,002	30,787
109,0	0,002	0,001	30,709
109,1	0,002	-0,002	30,709
109,3	0,004	-0,003	30,709
109,4	0,005	-0,002	30,709
109,5	0,005	0,002	30,709
109,7	0,005	0,004	30,709
109,8	0,003	0,004	30,709
109,9	0,002	0,001	30,709
110,1	0,001	0,000	30,709
110,2	0,001	0,001	30,709
110,3	0,002	0,002	30,709
110,5	0,003	0,002	30,709
110,6	0,003	0,001	30,787
110,7	0,003	0,000	30,709
110,9	0,003	-0,002	30,709
111,0	0,003	-0,003	30,709
111,1	0,002	-0,003	30,709
111,3	0,002	-0,001	30,709
111,4	0,002	0,001	30,709
111,5	0,002	0,002	30,709
111,7	0,003	0,000	30,709
111,8	0,003	-0,002	30,709
111,9	0,004	-0,004	30,709
112,1	0,005	-0,004	30,709
112,2	0,005	-0,005	30,709
112,4	0,005	-0,004	30,787
112,5	0,005	-0,002	30,709
112,6	0,004	0,000	30,709
112,8	0,003	0,002	30,709
112,9	0,003	0,002	30,709
113,0	0,002	0,001	30,709
113,2	0,002	0,002	30,709
113,3	0,001	0,002	30,709
113,4	0,001	0,001	30,709
113,6	0,001	0,001	30,709
113,7	0,001	0,001	30,709
113,8	0,003	0,003	30,709
114,0	0,004	0,002	30,709
114,1	0,005	-0,002	30,787
114,2	0,006	-0,005	30,709
114,4	0,005	-0,005	30,709
114,5	0,004	-0,001	30,709
114,6	0,003	0,002	30,709
114,8	0,003	0,001	30,709
114,9	0,003	-0,002	30,709
115,1	0,004	-0,004	30,709
115,2	0,004	-0,004	30,709
115,3	0,004	-0,003	30,709
115,5	0,004	-0,003	30,709
115,6	0,004	-0,003	30,709
115,7	0,003	-0,001	30,709
115,9	0,002	0,001	30,787
116,0	0,002	0,001	30,709
116,1	0,003	-0,002	30,709
116,3	0,004	-0,004	30,709
116,4	0,006	-0,002	30,709
116,5	0,007	0,002	30,709
116,7	0,006	0,004	30,709
116,8	0,004	0,004	30,709
116,9	0,002	0,002	30,709
117,1	0,001	-0,001	30,709
117,2	0,002	-0,002	30,709
117,3	0,003	-0,001	30,709
117,5	0,004	0,001	30,709
117,6	0,004	0,004	30,709
117,8	0,004	0,004	30,709
117,9	0,003	0,001	30,709
118,0	0,003	-0,003	30,709
118,2	0,004	-0,003	30,709
118,3	0,004	-0,001	30,709
118,4	0,004	0,002	30,709
118,6	0,003	0,003	30,709
118,7	0,002	0,001	30,709
118,8	0,001	0,000	30,709
119,0	0,002	0,001	30,709
119,1	0,003	0,003	30,709
119,2	0,003	0,003	30,709
119,4	0,003	0,001	30,709
119,5	0,003	-0,001	30,709
119,6	0,002	-0,002	30,709
119,8	0,002	0,000	30,709
119,9	0,002	0,002	30,709
120,0	0,003	0,001	30,709
120,2	0,004	-0,003	30,709
120,3	0,005	-0,005	30,709
120,5	0,006	-0,002	30,709
120,6	0,006	0,002	30,709
120,7	0,005	0,005	30,709
120,9	0,004	0,004	30,709
121,0	0,003	0,001	30,709
121,1	0,002	-0,001	30,709
121,3	0,001	-0,001	30,709
121,4	0,002	-0,002	30,709
121,5	0,002	-0,002	30,709
121,7	0,003	0,000	30,709
121,8	0,004	0,003	30,709
121,9	0,004	0,003	30,709
122,1	0,005	-0,001	30,709
122,2	0,006	-0,005	30,709
122,3	0,006	-0,006	30,709
122,5	0,006	-0,002	30,709
122,6	0,005	0,001	30,709
122,7	0,003	0,002	30,709
122,9	0,003	0,002	30,709
123,0	0,003	0,003	30,709
123,2	0,004	0,004	30,709
123,3	0,005	0,001	30,709
123,4	0,005	-0,003	30,709
123,6	0,005	-0,005	30,709
123,7	0,004	-0,003	30,709
123,8	0,004	0,000	30,709
124,0	0,003	0,001	30,709
124,1	0,004	0,000	30,709
124,2	0,005	0,002	30,709
124,4	0,006	0,006	30,709
124,5	0,006	0,006	30,709
124,6	0,007	0,001	30,709
124,8	0,007	-0,005	30,709
124,9	0,007	-0,006	30,709
125,0	0,006	-0,002	30,709
125,2	0,005	0,002	30,709
125,3	0,003	0,003	30,709
125,4	0,002	0,002	30,709
125,6	0,002	0,001	30,709
125,7	0,002	0,002	30,709
125,9	0,002	0,002	30,709
126,0	0,003	0,001	30,709
126,1	0,002	-0,001	30,709
126,3	0,002	-0,002	30,709
126,4	0,001	-0,001	30,709
126,5	0,001	0,000	30,709
126,7	0,001	0,000	30,709
126,8	0,002	-0,001	30,709
126,9	0,003	-0,003	30,709
127,1	0,004	-0,004	30,709
127,2	0,006	-0,005	30,709
127,3	0,006	-0,004	30,709
127,5	0,005	-0,002	30,709
127,6	0,004	0,002	30,709
127,7	0,003	0,002	30,709
127,9	0,003	-0,001	30,709
128,0	0,004	-0,004	30,787
128,1	0,006	-0,005	30,709
128,3	0,008	-0,001	30,709
128,4	0,008	0,003	30,709
128,5	0,007	0,006	30,709
128,7	0,004	0,004	30,709
128,8	0,003	0,001	30,709
129,0	0,001	-0,001	30,709
129,1	0,001	-0,001	30,709
129,2	0,001	0,001	30,709
129,4	0,001	0,001	30,709
129,5	0,002	-0,001	30,709
129,6	0,002	-0,002	30,709
129,8	0,002	-0,002	30,709
129,9	0,002	0,000	30,709
130,0	0,002	0,000	30,709
130,2	0,003	-0,002	30,709
130,3	0,003	-0,002	30,709
130,4	0,004	0,001	30,709
130,6	0,004	0,004	30,709
130,7	0,004	0,002	30,709
130,8	0,003	-0,002	30,709
131,0	0,002	-0,004	30,709
131,1	0,002	-0,002	30,709
131,2	0,003	-0,001	30,709
131,4	0,004	-0,003	30,709
131,5	0,006	-0,006	30,787
131,7	0,007	-0,005	30,709
131,8	0,007	-0,001	30,709
131,9	0,006	0,001	30,709
132,1	0,005	0,000	30,709
132,2	0,004	0,000	30,709
132,3	0,004	0,002	30,709
132,5	0,004	0,002	30,709
132,6	0,004	-0,001	30,709
132,7	0,005	-0,003	30,709
132,9	0,006	0,001	30,709
133,0	0,006	0,005	30,709
133,1	0,006	0,002	30,709
133,3	0,006	-0,005	30,709
133,4	0,007	-0,004	30,709
133,5	0,009	0,007	30,709
133,7	0,012	0,010	30,709
133,8	0,014	-0,002	30,709
