depth[mm]	HF [V]	NF [V]	TGC [dB]
0,0	0,140	0,059	1,260
0,0	0,190	0,199	1,417
0,0	0,252	0,127	0,787
0,0	0,305	-0,134	0,472
0,0	0,324	-0,309	1,575
0,0	0,293	-0,216	1,732
0,0	0,223	0,004	1,575
0,0	0,150	0,103	1,260
0,1	0,117	0,065	1,102
0,2	0,140	0,079	1,102
0,3	0,202	0,201	1,260
0,5	0,260	0,241	1,417
0,6	0,278	0,062	1,339
0,7	0,251	-0,173	1,181
0,9	0,206	-0,190	1,102
1,0	0,175	0,016	1,260
1,1	0,171	0,171	1,260
1,3	0,182	0,085	1,260
1,4	0,182	-0,108	1,260
1,6	0,159	-0,158	1,260
1,7	0,121	-0,035	1,260
1,8	0,089	0,072	1,260
2,0	0,075	0,035	1,260
2,1	0,076	-0,062	1,260
2,2	0,077	-0,077	1,260
2,4	0,068	-0,008	1,260
2,5	0,049	0,037	1,260
2,6	0,034	0,009	1,260
2,8	0,028	-0,032	1,260
2,9	0,032	-0,022	1,260
3,0	0,035	0,016	1,260
3,2	0,032	0,028	1,260
3,3	0,022	0,006	1,181
3,4	0,013	-0,008	1,260
3,6	0,010	0,004	1,260
3,7	0,012	0,018	1,260
3,8	0,015	0,014	1,260
4,0	0,014	0,002	1,260
4,1	0,011	0,001	1,260
4,3	0,008	0,010	1,260
4,4	0,008	0,014	1,260
4,5	0,010	0,007	1,260
4,7	0,011	0,000	1,260
4,8	0,009	0,001	1,260
4,9	0,006	0,004	1,260
5,1	0,003	0,002	1,260
5,2	0,003	-0,002	1,260
5,3	0,004	-0,002	1,260
5,5	0,005	0,000	1,260
5,6	0,004	0,002	1,260
5,7	0,003	0,001	1,260
5,9	0,002	-0,001	1,260
6,0	0,003	-0,001	1,260
6,1	0,004	-0,001	1,260
6,3	0,004	-0,003	1,260
6,4	0,003	-0,003	1,260
6,5	0,002	-0,001	1,260
6,7	0,001	0,001	1,260
6,8	0,002	0,001	1,260
7,0	0,003	-0,001	1,260
7,1	0,003	-0,002	1,260
7,2	0,002	-0,001	1,260
7,4	0,001	0,000	1,260
7,5	0,001	0,001	1,260
7,6	0,001	0,000	1,260
7,8	0,001	0,000	1,260
7,9	0,001	0,000	1,260
8,0	0,001	0,000	1,260
8,2	0,001	0,000	1,260
8,3	0,001	0,000	1,260
8,4	0,001	0,000	1,260
8,6	0,001	0,000	1,260
8,7	0,001	0,000	1,260
8,8	0,002	0,001	1,260
9,0	0,002	0,001	1,260
9,1	0,003	0,000	1,260
9,2	0,003	-0,002	1,260
9,4	0,003	-0,003	1,260
9,5	0,003	-0,002	1,260
9,6	0,002	0,000	1,260
9,8	0,001	0,001	1,260
9,9	0,001	0,001	1,260
10,1	0,001	0,000	1,260
10,2	0,001	0,000	1,260
10,3	0,001	0,001	0,315
10,5	0,001	0,001	0,472
10,6	0,001	0,000	1,339
10,7	0,001	0,000	2,047
10,9	0,001	0,001	2,677
11,0	0,001	0,001	3,150
11,1	0,001	0,000	3,465
11,3	0,001	0,000	3,780
11,4	0,001	0,001	4,094
11,5	0,002	0,001	4,409
11,7	0,003	0,001	4,724
11,8	0,003	-0,001	5,039
11,9	0,003	-0,002	5,354
12,1	0,002	-0,001	5,669
12,2	0,001	-0,001	5,984
12,3	0,000	-0,001	6,299
12,5	0,001	0,000	6,614
12,6	0,002	0,001	6,929
12,8	0,003	0,002	7,323
12,9	0,004	0,000	7,559
13,0	0,004	-0,003	7,874
13,2	0,003	-0,003	8,189
13,3	0,003	-0,001	8,504
13,4	0,002	0,001	8,819
13,6	0,002	-0,002	9,134
13,7	0,002	-0,003	9,449
13,8	0,003	-0,001	9,764
14,0	0,004	0,003	10,079
14,1	0,006	0,000	10,394
14,2	0,007	-0,007	10,709
14,4	0,008	-0,007	11,024
14,5	0,008	0,002	11,339
14,6	0,007	0,007	11,654
14,8	0,007	-0,001	11,969
14,9	0,009	-0,009	12,283
15,0	0,011	-0,001	12,598
15,2	0,013	0,012	12,913
15,3	0,015	0,008	13,228
15,5	0,017	-0,012	13,543
15,6	0,018	-0,015	13,858
15,7	0,021	0,008	14,173
15,9	0,023	0,023	14,488
16,0	0,026	0,001	14,803
16,1	0,029	-0,027	15,118
16,3	0,032	-0,010	15,433
16,4	0,036	0,032	15,748
16,5	0,041	0,029	16,063
16,7	0,046	-0,026	16,378
16,8	0,052	-0,046	16,693
16,9	0,059	0,017	17,008
17,1	0,068	0,069	17,323
17,2	0,078	0,009	17,638
17,3	0,091	-0,087	17,953
17,5	0,105	-0,050	18,268
17,6	0,121	0,093	18,583
17,7	0,143	0,103	18,898
17,9	0,180	-0,102	19,213
18,0	0,239	-0,228	19,528
18,2	0,324	0,021	19,843
18,3	0,434	0,411	20,157
18,4	0,561	0,354	20,472
18,6	0,694	-0,282	20,787
18,7	0,815	-0,818	21,102
18,8	0,901	-0,536	21,417
19,0	0,927	0,351	21,654
19,1	0,881	0,866	21,890
19,2	0,772	0,462	22,362
19,4	0,635	-0,306	22,677
19,5	0,516	-0,514	22,992
19,6	0,449	-0,034	23,307
19,8	0,435	0,409	23,465
19,9	0,444	0,251	23,937
20,0	0,435	-0,229	24,252
20,2	0,385	-0,395	24,567
20,3	0,306	-0,115	24,803
20,4	0,228	0,167	25,039
20,6	0,181	0,110	25,354
20,7	0,167	-0,119	25,669
20,9	0,168	-0,170	25,984
21,0	0,159	-0,010	26,457
21,1	0,133	0,110	26,772
21,3	0,099	0,049	26,929
21,4	0,073	-0,059	27,244
21,5	0,062	-0,050	27,559
21,7	0,063	0,037	27,874
21,8	0,065	0,060	28,189
21,9	0,062	-0,006	28,504
22,1	0,057	-0,050	28,819
22,2	0,054	-0,007	29,134
22,3	0,056	0,056	29,449
22,5	0,057	0,049	29,764
22,6	0,053	-0,011	30,079
22,7	0,046	-0,038	30,394
22,9	0,039	-0,001	30,866
23,0	0,038	0,042	31,024
23,1	0,042	0,032	31,024
23,3	0,046	-0,016	30,866
23,4	0,044	-0,039	30,866
23,6	0,036	-0,014	30,866
23,7	0,028	0,022	30,866
23,8	0,024	0,024	30,866
24,0	0,025	-0,006	30,866
24,1	0,029	-0,027	30,866
24,2	0,031	-0,013	30,866
24,4	0,030	0,018	30,866
24,5	0,028	0,029	30,866
24,6	0,026	0,007	30,866
24,8	0,026	-0,020	30,866
24,9	0,026	-0,022	30,866
25,0	0,025	0,002	30,866
25,2	0,023	0,022	30,866
25,3	0,021	0,015	30,866
25,4	0,019	-0,008	30,866
25,6	0,019	-0,018	30,866
25,7	0,018	-0,006	30,866
25,8	0,015	0,010	30,866
26,0	0,011	0,011	30,866
26,1	0,008	0,001	30,866
26,2	0,005	-0,004	30,866
26,4	0,004	0,001	30,866
26,5	0,004	0,005	30,866
26,7	0,004	0,001	30,866
26,8	0,005	-0,003	30,866
26,9	0,007	0,002	30,866
27,1	0,010	0,010	30,866
27,2	0,013	0,010	30,866
27,3	0,015	-0,002	30,866
27,5	0,015	-0,012	30,709
27,6	0,012	-0,012	30,866
27,7	0,010	-0,008	30,866
27,9	0,010	-0,006	30,866
28,0	0,012	-0,003	30,866
28,1	0,016	0,006	30,787
28,3	0,018	0,016	30,866
28,4	0,018	0,016	30,866
28,5	0,015	0,003	30,787
28,7	0,011	-0,009	30,866
28,8	0,009	-0,006	30,866
28,9	0,009	0,007	30,866
29,1	0,013	0,011	30,866
29,2	0,017	-0,001	30,866
29,4	0,020	-0,017	30,787
29,5	0,020	-0,019	30,866
29,6	0,018	-0,007	30,866
29,8	0,013	0,006	30,709
29,9	0,009	0,008	30,787
30,0	0,005	0,003	30,709
30,2	0,002	-0,002	30,787
30,3	0,002	-0,001	30,866
30,4	0,002	0,000	30,787
30,6	0,003	-0,001	30,866
30,7	0,005	-0,001	30,709
30,8	0,007	0,003	30,787
31,0	0,009	0,009	30,866
31,1	0,010	0,009	30,709
31,2	0,010	0,003	30,709
31,4	0,009	-0,005	30,787
31,5	0,007	-0,007	30,787
31,6	0,005	-0,005	30,787
31,8	0,004	-0,003	30,709
31,9	0,005	-0,003	30,787
32,1	0,007	-0,001	30,709
32,2	0,008	0,004	30,709
32,3	0,008	0,008	30,787
32,5	0,006	0,005	30,709
32,6	0,004	-0,001	30,709
32,7	0,003	-0,001	30,866
32,9	0,004	0,004	30,709
33,0	0,006	0,005	30,709
33,1	0,009	-0,003	30,709
33,3	0,010	-0,010	30,709
33,4	0,010	-0,004	30,709
33,5	0,008	0,007	30,787
33,7	0,008	0,006	30,787
33,8	0,009	-0,005	30,709
33,9	0,011	-0,009	30,709
34,1	0,012	0,004	30,709
34,2	0,011	0,012	30,709
34,3	0,011	0,001	30,709
34,5	0,013	-0,013	30,709
34,6	0,018	0,000	30,709
34,8	0,025	0,024	30,709
34,9	0,030	0,018	30,709
35,0	0,032	-0,017	30,709
35,2	0,031	-0,030	30,709
35,3	0,031	0,006	30,709
35,4	0,035	0,035	30,709
35,6	0,043	0,001	30,709
35,7	0,052	-0,050	30,709
35,8	0,060	-0,027	30,709
36,0	0,065	0,051	30,709
36,1	0,070	0,053	30,709
36,2	0,081	-0,049	30,709
36,4	0,106	-0,088	30,709
36,5	0,151	0,062	30,709
36,6	0,221	0,218	30,709
36,8	0,318	0,070	30,709
36,9	0,436	-0,340	30,709
37,0	0,563	-0,524	30,709
37,2	0,679	-0,115	30,709
37,3	0,766	0,567	30,709
37,5	0,812	0,784	30,709
37,6	0,816	0,250	30,709
37,7	0,782	-0,498	30,709
37,9	0,716	-0,709	30,709
38,0	0,619	-0,270	30,709
38,1	0,494	0,255	30,709
38,3	0,352	0,358	30,709
38,4	0,216	0,115	30,709
38,5	0,115	-0,070	30,709
38,7	0,067	-0,029	30,709
38,8	0,065	0,063	30,709
38,9	0,082	0,032	30,709
39,1	0,090	-0,063	30,709
39,2	0,075	-0,077	30,709
39,3	0,048	-0,014	30,709
39,5	0,029	0,013	30,709
39,6	0,033	-0,028	30,709
39,7	0,051	-0,056	30,709
39,9	0,066	-0,016	30,709
40,0	0,063	0,039	30,709
40,2	0,043	0,041	30,709
40,3	0,022	0,005	30,709
40,4	0,015	-0,004	30,709
40,6	0,024	0,025	30,709
40,7	0,039	0,042	30,709
40,8	0,046	0,015	30,709
41,0	0,039	-0,021	30,709
41,1	0,025	-0,022	30,709
41,2	0,015	0,005	30,709
41,4	0,015	0,019	30,709
41,5	0,022	0,002	30,709
41,6	0,028	-0,021	30,709
41,8	0,028	-0,023	30,709
41,9	0,022	-0,006	30,709
42,0	0,016	0,008	30,709
42,2	0,012	0,012	30,709
42,3	0,011	0,010	30,709
42,4	0,011	0,009	30,709
42,6	0,011	0,009	30,709
42,7	0,010	0,006	30,709
42,8	0,008	0,001	30,709
43,0	0,009	-0,003	30,709
43,1	0,010	-0,007	30,709
43,3	0,011	-0,009	30,709
43,4	0,010	-0,008	30,709
43,5	0,008	-0,003	30,709
43,7	0,006	0,001	30,709
43,8	0,005	0,002	30,709
43,9	0,005	0,002	30,709
44,1	0,007	0,004	30,709
44,2	0,009	0,009	30,709
44,3	0,011	0,011	30,709
44,5	0,011	0,008	30,709
44,6	0,011	0,001	30,709
44,7	0,010	-0,005	30,709
44,9	0,008	-0,008	30,709
45,0	0,007	-0,007	30,709
45,1	0,006	-0,003	30,709
45,3	0,006	0,001	30,709
45,4	0,005	0,004	30,709
45,5	0,005	0,005	30,709
45,7	0,005	0,005	30,709
45,8	0,006	0,003	30,709
46,0	0,007	0,000	30,709
46,1	0,008	-0,005	30,709
46,2	0,009	-0,008	30,709
46,4	0,009	-0,007	30,709
46,5	0,008	-0,001	30,709
46,6	0,007	0,005	30,709
46,8	0,007	0,006	30,709
46,9	0,008	0,001	30,709
47,0	0,009	-0,007	30,709
47,2	0,012	-0,012	30,709
47,3	0,014	-0,011	30,709
47,4	0,015	-0,006	30,709
47,6	0,015	0,002	30,709
47,7	0,014	0,009	30,709
47,8	0,012	0,011	30,709
48,0	0,010	0,010	30,709
48,1	0,009	0,009	30,709
48,2	0,008	0,006	30,709
48,4	0,008	0,003	30,709
48,5	0,007	-0,001	30,709
48,7	0,006	-0,005	30,709
48,8	0,005	-0,005	30,709
48,9	0,004	-0,002	30,709
49,1	0,003	0,001	30,709
49,2	0,003	0,002	30,709
49,3	0,004	0,000	30,709
49,5	0,005	-0,004	30,709
49,6	0,008	-0,008	30,709
49,7	0,010	-0,009	30,709
49,9	0,012	-0,005	30,709
50,0	0,013	0,002	30,709
50,1	0,013	0,008	30,709
50,3	0,012	0,011	30,709
50,4	0,011	0,012	30,709
50,5	0,011	0,010	30,709
50,7	0,010	0,006	30,709
50,8	0,009	0,000	30,709
50,9	0,007	-0,004	30,709
51,1	0,004	-0,004	30,709
51,2	0,002	-0,001	30,709
51,4	0,001	0,001	30,709
51,5	0,002	-0,001	30,709
51,6	0,003	-0,003	30,709
51,8	0,004	-0,001	30,709
51,9	0,005	0,003	30,709
52,0	0,004	0,005	30,709
52,2	0,004	0,001	30,709
52,3	0,004	-0,003	30,709
52,4	0,004	-0,002	30,709
52,6	0,004	0,002	30,709
52,7	0,004	0,004	30,709
52,8	0,004	0,004	30,709
53,0	0,004	0,004	30,709
53,1	0,005	0,005	30,709
53,2	0,006	0,003	30,709
53,4	0,005	-0,001	30,709
53,5	0,004	-0,004	30,709
53,6	0,002	-0,001	30,709
53,8	0,002	0,001	30,709
53,9	0,004	-0,003	30,709
54,1	0,007	-0,007	30,709
54,2	0,009	-0,003	30,709
54,3	0,009	0,007	30,709
54,5	0,007	0,007	30,709
54,6	0,007	-0,002	30,709
54,7	0,008	-0,004	30,709
54,9	0,012	0,009	30,709
55,0	0,018	0,016	30,709
55,1	0,026	-0,007	30,709
55,3	0,039	-0,038	30,709
55,4	0,056	-0,022	30,709
55,5	0,079	0,050	30,709
55,7	0,106	0,105	30,709
55,8	0,135	0,056	30,709
55,9	0,161	-0,081	30,709
56,1	0,183	-0,181	30,709
56,2	0,196	-0,140	30,709
56,3	0,199	0,015	30,709
56,5	0,191	0,152	30,709
56,6	0,173	0,171	30,709
56,8	0,148	0,086	30,709
56,9	0,120	-0,017	30,709
57,0	0,094	-0,070	30,709
57,2	0,072	-0,070	30,709
57,3	0,052	-0,043	30,709
57,4	0,034	-0,014	30,709
57,6	0,020	0,004	30,709
57,7	0,011	0,005	30,709
57,8	0,010	-0,004	30,709
58,0	0,016	-0,006	30,630
58,1	0,024	0,008	30,709
58,2	0,030	0,025	30,709
58,4	0,030	0,029	30,709
58,5	0,024	0,016	30,709
58,6	0,016	0,003	30,709
58,8	0,010	0,000	30,709
58,9	0,009	0,001	30,709
59,0	0,011	-0,003	30,709
59,2	0,012	-0,009	30,709
59,3	0,010	-0,010	30,709
59,4	0,007	-0,006	30,709
59,6	0,003	-0,001	30,709
59,7	0,002	-0,001	30,709
59,9	0,004	-0,005	30,709
60,0	0,007	-0,006	30,709
60,1	0,009	-0,002	30,709
60,3	0,009	0,004	30,709
60,4	0,008	0,007	30,709
60,5	0,006	0,007	30,709
60,7	0,005	0,004	30,630
60,8	0,005	0,001	30,709
60,9	0,004	-0,002	30,709
61,1	0,003	-0,002	30,709
61,2	0,002	-0,002	30,709
61,3	0,002	-0,002	30,709
61,5	0,003	-0,003	30,709
61,6	0,005	-0,002	30,709
61,7	0,006	0,002	30,709
61,9	0,007	0,006	30,709
62,0	0,008	0,007	30,551
62,1	0,007	0,003	30,709
62,3	0,005	-0,002	30,709
62,4	0,003	-0,003	30,709
62,6	0,002	-0,001	30,709
62,7	0,001	0,001	30,709
62,8	0,002	-0,001	30,709
63,0	0,003	-0,003	30,709
63,1	0,005	-0,002	30,630
63,2	0,007	0,004	30,709
63,4	0,008	0,008	30,630
63,5	0,008	0,005	30,709
63,6	0,007	-0,003	30,709
63,8	0,007	-0,006	30,709
63,9	0,005	-0,003	30,709
64,0	0,004	0,002	30,709
64,2	0,003	0,003	30,709
64,3	0,003	-0,001	30,709
64,4	0,004	-0,004	30,630
64,6	0,006	-0,002	30,709
64,7	0,008	0,003	30,709
64,8	0,008	0,008	30,630
65,0	0,007	0,006	30,709
65,1	0,006	0,001	30,709
65,3	0,004	-0,003	30,709
65,4	0,004	-0,002	30,709
65,5	0,005	0,002	30,709
65,7	0,006	0,006	30,709
65,8	0,006	0,005	30,630
65,9	0,006	0,000	30,709
66,1	0,005	-0,004	30,709
66,2	0,004	-0,004	30,630
66,3	0,003	0,000	30,630
66,5	0,003	0,003	30,709
66,6	0,004	0,003	30,709
66,7	0,004	0,000	30,709
66,9	0,004	-0,003	30,630
67,0	0,005	-0,005	30,709
67,1	0,005	-0,004	30,709
67,3	0,006	-0,001	30,630
67,4	0,006	0,003	30,630
67,5	0,006	0,006	30,709
67,7	0,004	0,005	30,630
67,8	0,003	0,002	30,709
68,0	0,002	0,000	30,709
68,1	0,002	0,001	30,709
68,2	0,003	0,003	30,709
68,4	0,004	0,003	30,709
68,5	0,005	0,000	30,709
68,6	0,005	-0,004	30,709
68,8	0,005	-0,005	30,709
68,9	0,004	-0,003	30,709
69,0	0,004	0,000	30,709
69,2	0,003	0,001	30,709
69,3	0,004	0,001	30,709
69,4	0,006	0,003	30,709
69,6	0,008	0,007	30,709
69,7	0,010	0,011	30,709
69,8	0,012	0,011	30,709
70,0	0,012	0,007	30,709
70,1	0,011	0,001	30,630
70,2	0,009	-0,004	30,709
70,4	0,007	-0,005	30,709
70,5	0,005	-0,004	30,709
70,7	0,003	-0,003	30,630
70,8	0,002	-0,002	30,709
70,9	0,001	0,000	30,630
71,1	0,001	0,000	30,709
71,2	0,002	-0,001	30,630
71,3	0,002	-0,002	30,709
71,5	0,002	-0,002	30,630
71,6	0,002	0,000	30,709
71,7	0,002	0,001	30,630
71,9	0,002	0,000	30,551
72,0	0,003	-0,003	30,630
72,1	0,004	-0,004	30,709
72,3	0,005	-0,003	30,630
72,4	0,005	0,000	30,709
72,5	0,003	0,002	30,709
72,7	0,002	0,002	30,709
72,8	0,001	0,001	30,551
72,9	0,002	-0,002	30,709
73,1	0,003	-0,002	30,709
73,2	0,005	0,001	30,630
73,4	0,005	0,004	30,551
73,5	0,005	0,005	30,630
73,6	0,004	0,003	30,709
73,8	0,004	0,003	30,709
73,9	0,005	0,004	30,709
74,0	0,008	0,001	30,709
74,2	0,013	-0,009	30,709
74,3	0,019	-0,019	30,709
74,4	0,026	-0,014	30,551
74,6	0,034	0,011	30,709
74,7	0,042	0,039	30,709
74,8	0,049	0,044	30,630
75,0	0,054	0,017	30,551
75,1	0,056	-0,026	30,709
75,2	0,056	-0,054	30,709
75,4	0,054	-0,048	30,709
75,5	0,051	-0,016	30,551
75,6	0,046	0,019	30,709
75,8	0,040	0,036	30,630
75,9	0,034	0,033	30,630
76,0	0,027	0,019	30,551
76,2	0,022	0,005	30,709
76,3	0,017	-0,004	30,709
76,5	0,012	-0,008	30,709
76,6	0,009	-0,008	30,630
76,7	0,006	-0,006	30,709
76,9	0,004	-0,004	30,630
77,0	0,004	-0,004	30,630
77,1	0,005	-0,003	30,551
77,3	0,005	-0,001	30,709
77,4	0,006	0,003	30,630
77,5	0,005	0,005	30,709
77,7	0,004	0,004	30,551
77,8	0,003	0,003	30,709
77,9	0,003	0,003	30,709
78,1	0,004	0,004	30,709
78,2	0,004	0,004	30,551
78,3	0,004	0,002	30,709
78,5	0,003	0,000	30,630
78,6	0,003	0,000	30,630
78,7	0,003	0,002	30,630
78,9	0,005	0,002	30,709
79,0	0,007	-0,001	30,709
79,2	0,008	-0,006	30,630
79,3	0,007	-0,007	30,709
79,4	0,006	-0,004	30,709
79,6	0,004	0,000	30,709
79,7	0,003	0,003	30,630
79,8	0,002	0,002	30,630
80,0	0,001	0,000	30,630
80,1	0,002	0,001	30,709
80,2	0,003	0,003	30,630
80,4	0,005	0,005	30,630
80,5	0,007	0,005	30,630
80,6	0,007	0,001	30,630
80,8	0,006	-0,002	30,630
80,9	0,004	-0,004	30,551
81,0	0,003	-0,003	30,709
81,2	0,002	-0,001	30,630
81,3	0,003	-0,001	30,551
81,4	0,004	-0,003	30,551
81,6	0,004	-0,004	30,630
81,7	0,004	-0,004	30,630
81,9	0,003	-0,003	30,630
82,0	0,002	-0,002	30,630
82,1	0,003	-0,003	30,630
82,3	0,004	-0,004	30,630
82,4	0,005	-0,003	30,630
82,5	0,005	0,001	30,551
82,7	0,004	0,004	30,709
82,8	0,003	0,003	30,551
82,9	0,003	0,000	30,630
83,1	0,003	-0,003	30,551
83,2	0,003	-0,002	30,630
83,3	0,003	0,002	30,709
83,5	0,003	0,003	30,630
83,6	0,002	0,001	30,551
83,7	0,002	-0,002	30,630
83,9	0,003	-0,001	30,630
84,0	0,004	0,002	30,630
84,1	0,005	0,005	30,551
84,3	0,006	0,005	30,630
84,4	0,006	0,003	30,630
84,6	0,005	0,000	30,630
84,7	0,004	-0,001	30,551
84,8	0,003	-0,002	30,551
85,0	0,002	-0,003	30,630
85,1	0,003	-0,002	30,630
85,2	0,004	0,002	30,551
85,4	0,006	0,006	30,551
85,5	0,008	0,006	30,630
85,6	0,008	0,002	30,630
85,8	0,007	-0,003	30,551
85,9	0,005	-0,005	30,630
86,0	0,003	-0,003	30,709
86,2	0,002	-0,001	30,630
86,3	0,002	-0,001	30,551
86,4	0,002	-0,003	30,551
86,6	0,003	-0,003	30,709
86,7	0,004	0,001	30,551
86,8	0,005	0,004	30,551
87,0	0,005	0,002	30,551
87,1	0,006	-0,003	30,551
87,3	0,005	-0,006	30,630
87,4	0,004	-0,003	30,551
87,5	0,003	0,000	30,630
87,7	0,002	0,001	30,630
87,8	0,002	-0,001	30,551
87,9	0,002	-0,002	30,551
88,1	0,002	-0,002	30,630
88,2	0,002	-0,001	30,630
88,3	0,002	-0,002	30,551
88,5	0,002	-0,002	30,551
88,6	0,002	0,000	30,630
88,7	0,002	0,002	30,551
88,9	0,003	0,002	30,551
89,0	0,003	-0,001	30,551
89,1	0,003	-0,003	30,709
89,3	0,003	-0,002	30,551
89,4	0,003	0,002	30,630
89,5	0,004	0,004	30,551
89,7	0,005	0,003	30,551
89,8	0,005	-0,001	30,551
90,0	0,005	-0,003	30,630
90,1	0,004	-0,004	30,551
90,2	0,003	-0,003	30,630
90,4	0,002	-0,001	30,630
90,5	0,001	0,000	30,630
90,6	0,002	-0,001	30,551
90,8	0,003	-0,003	30,630
90,9	0,004	-0,004	30,630
91,0	0,004	-0,002	30,551
91,2	0,004	0,001	30,551
91,3	0,004	0,003	30,551
91,4	0,003	0,002	30,630
91,6	0,003	-0,001	30,551
91,7	0,004	-0,003	30,551
91,8	0,004	-0,004	30,630
92,0	0,004	-0,003	30,630
92,1	0,005	-0,001	30,630
92,2	0,005	0,001	30,551
92,4	0,005	0,004	30,551
92,5	0,005	0,005	30,551
92,7	0,005	0,005	30,551
92,8	0,005	0,004	30,551
92,9	0,005	0,002	30,630
93,1	0,006	0,000	30,551
93,2	0,007	-0,003	30,551
93,3	0,008	-0,006	30,551
93,5	0,009	-0,009	30,551
93,6	0,010	-0,008	30,551
93,7	0,010	-0,003	30,551
93,9	0,010	0,005	30,551
94,0	0,010	0,010	30,551
94,1	0,010	0,009	30,551
94,3	0,010	0,003	30,551
94,4	0,010	-0,004	30,551
94,5	0,010	-0,009	30,630
94,7	0,010	-0,009	30,709
94,8	0,010	-0,005	30,551
94,9	0,009	0,001	30,551
95,1	0,008	0,006	30,551
95,2	0,007	0,007	30,630
95,3	0,005	0,005	30,551
95,5	0,003	0,001	30,551
95,6	0,002	0,000	30,630
95,8	0,002	0,001	30,630
95,9	0,003	0,002	30,551
96,0	0,004	0,000	30,551
96,2	0,005	-0,003	30,709
96,3	0,006	-0,005	30,551
96,4	0,005	-0,005	30,630
96,6	0,004	-0,003	30,551
96,7	0,003	-0,002	30,551
96,8	0,004	-0,003	30,551
97,0	0,006	-0,001	30,551
97,1	0,008	0,003	30,551
97,2	0,009	0,008	30,630
97,4	0,010	0,009	30,551
97,5	0,009	0,004	30,551
97,6	0,008	-0,003	30,551
97,8	0,007	-0,006	30,551
97,9	0,005	-0,004	30,551
98,0	0,004	0,001	30,551
98,2	0,003	0,003	30,551
98,3	0,003	0,000	30,551
98,5	0,004	-0,003	30,551
98,6	0,004	-0,004	30,630
98,7	0,005	-0,002	30,551
98,9	0,004	0,001	30,630
99,0	0,003	0,003	30,551
99,1	0,002	0,002	30,551
99,3	0,002	0,002	30,551
99,4	0,002	0,002	30,551
99,5	0,003	0,003	30,551
99,7	0,004	0,002	30,551
99,8	0,004	-0,001	30,551
99,9	0,005	-0,004	30,630
100,1	0,005	-0,004	30,551
100,2	0,006	0,000	30,551
100,3	0,006	0,006	30,551
100,5	0,007	0,006	30,551
100,6	0,007	0,002	30,551
100,7	0,006	-0,003	30,551
100,9	0,004	-0,004	30,551
101,0	0,002	-0,002	30,551
101,2	0,001	0,000	30,551
101,3	0,000	0,000	30,630
101,4	0,001	0,000	30,551
101,6	0,001	0,001	30,630
101,7	0,002	0,001	30,551
101,8	0,003	-0,001	30,630
102,0	0,004	-0,004	30,551
102,1	0,004	-0,002	30,630
102,2	0,005	0,002	30,551
102,4	0,005	0,005	30,551
102,5	0,004	0,003	30,551
102,6	0,003	0,000	30,551
102,8	0,002	-0,001	30,630
102,9	0,001	-0,001	30,551
103,0	0,001	-0,001	30,551
103,2	0,002	-0,002	30,551
103,3	0,002	-0,002	30,551
103,4	0,002	0,000	30,551
103,6	0,002	0,002	30,551
103,7	0,002	0,001	30,551
103,9	0,002	-0,002	30,551
104,0	0,002	-0,002	30,551
104,1	0,002	-0,001	30,551
104,3	0,001	0,001	30,551
104,4	0,001	0,000	30,551
104,5	0,001	-0,001	30,551
104,7	0,001	0,000	30,551
104,8	0,002	0,002	30,551
104,9	0,003	0,003	30,551
105,1	0,003	0,000	30,551
105,2	0,004	-0,003	30,630
105,3	0,005	-0,005	30,551
105,5	0,005	-0,002	30,551
105,6	0,005	0,002	30,551
105,7	0,005	0,005	30,551
105,9	0,004	0,003	30,551
106,0	0,003	0,000	30,551
106,1	0,003	-0,002	30,551
106,3	0,003	0,000	30,551
106,4	0,003	0,003	30,551
106,6	0,003	0,004	30,551
106,7	0,002	0,001	30,551
106,8	0,002	0,000	30,551
107,0	0,002	0,001	30,630
107,1	0,002	0,003	30,551
107,2	0,003	0,003	30,551
107,4	0,003	0,002	30,551
107,5	0,003	0,000	30,551
107,6	0,002	0,000	30,551
107,8	0,001	0,000	30,551
107,9	0,001	-0,001	30,551
108,0	0,001	-0,001	30,551
108,2	0,002	0,001	30,551
108,3	0,003	0,003	30,551
108,4	0,004	0,003	30,551
108,6	0,004	0,002	30,551
108,7	0,004	0,001	30,551
108,8	0,004	0,000	30,551
109,0	0,004	-0,001	30,551
109,1	0,004	-0,002	30,551
109,3	0,004	-0,004	30,551
109,4	0,003	-0,003	30,551
109,5	0,002	-0,001	30,551
109,7	0,002	0,001	30,551
109,8	0,003	0,002	30,551
109,9	0,004	0,000	30,551
110,1	0,004	-0,002	30,551
110,2	0,004	-0,004	30,551
110,3	0,003	-0,003	30,551
110,5	0,002	-0,002	30,551
110,6	0,003	-0,002	30,551
110,7	0,004	-0,004	30,551
110,9	0,004	-0,005	30,551
111,0	0,004	-0,002	30,551
111,1	0,003	0,001	30,551
111,3	0,003	0,002	30,551
111,4	0,003	-0,001	30,551
111,5	0,005	-0,005	30,551
111,7	0,006	-0,006	30,551
111,8	0,006	-0,002	30,630
111,9	0,005	0,002	30,551
112,1	0,004	0,004	30,551
112,2	0,003	0,002	30,551
112,4	0,003	0,000	30,551
112,5	0,004	-0,003	30,551
112,6	0,006	-0,006	30,551
112,8	0,008	-0,007	30,551
112,9	0,010	-0,005	30,551
113,0	0,011	0,000	30,551
113,2	0,011	0,007	30,551
113,3	0,011	0,011	30,551
113,4	0,010	0,009	30,551
113,6	0,008	0,003	30,551
113,7	0,006	-0,001	30,630
113,8	0,004	-0,003	30,551
114,0	0,003	-0,003	30,551
114,1	0,003	-0,003	30,551
114,2	0,004	-0,001	30,630
114,4	0,004	0,002	30,551
114,5	0,005	0,004	30,551
114,6	0,004	0,003	30,551
114,8	0,003	0,001	30,551
114,9	0,002	0,000	30,551
115,1	0,003	0,001	30,551
115,2	0,005	0,001	30,551
115,3	0,007	-0,003	30,551
115,5	0,008	-0,007	30,551
115,6	0,007	-0,007	30,551
115,7	0,006	-0,001	30,551
115,9	0,005	0,004	30,551
116,0	0,005	0,002	30,551
116,1	0,005	-0,003	30,551
116,3	0,005	-0,005	30,551
116,4	0,004	-0,002	30,551
116,5	0,003	0,002	30,630
116,7	0,003	0,001	30,551
116,8	0,003	-0,003	30,551
116,9	0,004	-0,003	30,551
117,1	0,004	0,000	30,551
117,2	0,003	0,003	30,551
117,3	0,002	0,002	30,551
117,5	0,001	0,001	30,551
117,6	0,001	0,000	30,551
117,8	0,001	0,002	30,551
117,9	0,002	0,001	30,551
118,0	0,002	0,000	30,551
118,2	0,002	0,000	30,551
118,3	0,002	0,001	30,630
118,4	0,002	0,001	30,551
118,6	0,004	0,000	30,551
118,7	0,005	-0,003	30,551
118,8	0,006	-0,005	30,551
119,0	0,005	-0,005	30,551
119,1	0,004	-0,003	30,551
119,2	0,002	-0,001	30,551
119,4	0,001	0,000	30,551
119,5	0,001	-0,001	30,551
119,6	0,001	-0,001	30,551
119,8	0,001	0,000	30,551
119,9	0,001	0,001	30,551
120,0	0,002	0,002	30,551
120,2	0,003	0,000	30,551
120,3	0,004	-0,003	30,551
120,5	0,005	-0,005	30,551
120,6	0,006	-0,003	30,551
120,7	0,005	0,001	30,551
120,9	0,004	0,003	30,551
121,0	0,002	0,002	30,551
121,1	0,001	-0,001	30,551
121,3	0,002	-0,001	30,551
121,4	0,003	0,001	30,551
121,5	0,004	0,003	30,551
121,7	0,004	0,004	30,551
121,8	0,004	0,002	30,551
121,9	0,002	-0,001	30,551
122,1	0,001	-0,002	30,551
122,2	0,001	0,000	30,551
122,3	0,002	0,001	30,551
122,5	0,003	0,000	30,551
122,6	0,004	-0,003	30,551
122,7	0,004	-0,004	30,551
122,9	0,004	-0,001	30,551
123,0	0,005	0,003	30,551
123,2	0,005	0,004	30,551
123,3	0,004	0,003	30,551
123,4	0,004	0,000	30,551
123,6	0,004	-0,002	30,551
123,7	0,004	-0,003	30,551
123,8	0,004	-0,004	30,551
124,0	0,005	-0,005	30,551
124,1	0,006	-0,005	30,551
124,2	0,006	-0,003	30,551
124,4	0,005	0,000	30,551
124,5	0,003	0,002	30,551
124,6	0,002	0,002	30,551
124,8	0,001	0,000	30,551
124,9	0,001	0,000	30,551
125,0	0,001	0,001	30,630
125,2	0,002	0,002	30,551
125,3	0,003	0,002	30,551
125,4	0,003	0,001	30,551
125,6	0,004	-0,002	30,551
125,7	0,004	-0,004	30,551
125,9	0,003	-0,003	30,551
126,0	0,002	0,000	30,551
126,1	0,002	0,001	30,551
126,3	0,003	-0,001	30,551
126,4	0,005	-0,005	30,551
126,5	0,007	-0,005	30,551
126,7	0,008	0,000	30,551
126,8	0,008	0,005	30,551
126,9	0,006	0,006	30,551
127,1	0,004	0,002	30,551
127,2	0,003	-0,002	30,551
127,3	0,003	-0,003	30,551
127,5	0,003	-0,002	30,551
127,6	0,004	0,000	30,551
127,7	0,004	0,002	30,551
127,9	0,005	0,004	30,551
128,0	0,005	0,005	30,551
128,1	0,005	0,004	30,551
128,3	0,004	0,001	30,551
128,4	0,004	-0,002	30,551
128,5	0,003	-0,003	30,551
128,7	0,002	-0,001	30,551
128,8	0,002	0,001	30,551
129,0	0,001	0,001	30,551
129,1	0,002	0,001	30,551
129,2	0,002	0,001	30,551
129,4	0,003	0,003	30,551
129,5	0,004	0,004	30,551
129,6	0,005	0,004	30,551
129,8	0,005	0,002	30,551
129,9	0,004	0,000	30,551
130,0	0,004	-0,002	30,551
130,2	0,003	-0,003	30,551
130,3	0,003	-0,003	30,551
130,4	0,003	-0,003	30,551
130,6	0,003	-0,002	30,551
130,7	0,003	-0,001	30,551
130,8	0,003	0,000	30,551
131,0	0,004	0,002	30,551
131,1	0,005	0,005	30,551
131,2	0,006	0,006	30,551
131,4	0,008	0,002	30,551
131,5	0,008	-0,003	30,551
131,7	0,007	-0,007	30,551
131,8	0,006	-0,005	30,551
131,9	0,005	0,000	30,551
132,1	0,005	0,004	30,551
132,2	0,005	0,004	30,551
132,3	0,006	0,000	30,551
132,5	0,005	-0,003	30,551
132,6	0,004	-0,005	30,551
132,7	0,003	-0,003	30,551
132,9	0,002	0,000	30,551
133,0	0,003	0,000	30,551
133,1	0,004	-0,003	30,551
133,3	0,004	-0,006	30,551
133,4	0,005	-0,003	30,551
133,5	0,005	0,002	30,551
133,7	0,006	0,003	30,551
133,8	0,006	-0,003	30,551
