time [µs]	HF [V]	NF [V]	TGC [dB]
0,0	0,131	0,058	1,102
0,1	0,179	0,187	1,260
0,2	0,235	0,119	0,709
0,3	0,282	-0,122	0,472
0,4	0,297	-0,283	1,575
0,5	0,267	-0,199	1,654
0,6	0,203	0,002	1,417
0,7	0,137	0,092	1,102
0,8	0,108	0,060	0,945
0,9	0,132	0,076	0,945
1,0	0,189	0,188	1,260
1,1	0,242	0,223	1,339
1,2	0,257	0,055	1,260
1,3	0,231	-0,160	1,102
1,4	0,188	-0,173	0,945
1,5	0,159	0,018	1,102
1,6	0,157	0,157	1,260
1,7	0,169	0,075	1,260
1,8	0,171	-0,104	1,102
1,9	0,150	-0,149	1,102
2,0	0,114	-0,036	1,102
2,1	0,081	0,063	1,102
2,2	0,065	0,032	1,102
2,3	0,064	-0,053	1,102
2,4	0,065	-0,066	1,102
2,5	0,058	-0,007	1,102
2,6	0,042	0,030	1,102
2,7	0,028	0,006	1,102
2,8	0,023	-0,027	1,102
2,9	0,025	-0,016	1,102
3,0	0,029	0,017	1,102
3,1	0,026	0,023	1,102
3,2	0,019	0,002	1,102
3,3	0,012	-0,008	1,102
3,4	0,011	0,005	1,102
3,5	0,013	0,019	1,181
3,6	0,015	0,013	1,102
3,7	0,013	0,002	1,102
3,8	0,009	0,002	1,102
3,9	0,006	0,010	1,102
4,0	0,006	0,010	1,102
4,1	0,008	0,002	1,102
4,2	0,009	-0,003	1,102
4,3	0,007	0,000	1,102
4,4	0,004	0,004	1,102
4,5	0,002	0,002	1,102
4,6	0,002	-0,002	1,102
4,7	0,004	-0,002	1,102
4,8	0,005	0,002	1,102
4,9	0,005	0,002	1,102
5,0	0,004	-0,001	1,102
5,1	0,003	-0,004	1,102
5,2	0,003	-0,003	1,102
5,3	0,003	-0,002	1,102
5,4	0,003	-0,003	1,102
5,5	0,003	-0,003	1,102
5,6	0,002	0,000	1,102
5,7	0,003	0,003	1,102
5,8	0,004	0,003	1,102
5,9	0,005	-0,001	1,102
6,0	0,005	-0,004	1,102
6,1	0,004	-0,004	1,102
6,2	0,003	-0,001	1,102
6,3	0,002	0,002	1,102
6,4	0,002	0,002	1,102
6,5	0,002	0,001	1,102
6,6	0,002	-0,001	1,102
6,7	0,002	-0,002	1,102
6,8	0,002	-0,001	1,102
6,9	0,002	0,001	1,102
7,0	0,002	0,003	1,102
7,1	0,003	0,003	1,102
7,2	0,003	0,002	1,102
7,3	0,004	0,003	1,102
7,4	0,005	0,003	1,181
7,5	0,006	0,001	1,102
7,6	0,007	-0,003	1,102
7,7	0,007	-0,007	1,102
7,8	0,007	-0,006	1,102
7,9	0,005	-0,001	1,102
8,0	0,003	0,003	1,102
8,1	0,002	0,003	1,102
8,2	0,001	0,001	1,102
8,3	0,001	0,000	0,787
8,4	0,002	0,002	0,157
8,5	0,002	0,003	0,787
8,6	0,003	0,002	1,575
8,7	0,003	0,001	2,205
8,8	0,003	0,001	2,756
8,9	0,003	0,001	3,150
9,0	0,003	0,000	3,465
9,1	0,003	-0,001	3,780
9,2	0,002	-0,001	4,173
9,3	0,002	0,000	4,409
9,4	0,002	0,001	4,724
9,5	0,003	0,000	5,039
9,6	0,003	-0,001	5,354
9,7	0,003	-0,002	5,669
9,8	0,003	-0,003	5,984
9,9	0,003	-0,003	6,299
10,0	0,003	-0,002	6,614
10,1	0,003	0,000	7,008
10,2	0,002	0,002	7,402
10,3	0,002	0,002	7,717
10,4	0,002	-0,001	8,031
10,5	0,002	-0,001	8,268
10,6	0,004	0,003	8,583
10,7	0,006	0,006	8,819
10,8	0,007	0,003	9,213
10,9	0,006	-0,002	9,528
11,0	0,005	-0,004	9,764
11,1	0,004	-0,002	10,079
11,2	0,004	-0,004	10,394
11,3	0,006	-0,007	10,709
11,4	0,009	-0,004	11,024
11,5	0,010	0,006	11,339
11,6	0,011	0,010	11,654
11,7	0,011	0,000	11,969
11,8	0,011	-0,010	12,283
11,9	0,012	-0,004	12,598
12,0	0,013	0,012	12,992
12,1	0,015	0,011	13,228
12,2	0,016	-0,008	13,701
12,3	0,018	-0,015	13,858
12,4	0,021	0,007	14,173
12,5	0,024	0,025	14,488
12,6	0,027	0,006	14,803
12,7	0,030	-0,026	15,118
12,8	0,031	-0,017	15,433
12,9	0,034	0,025	15,748
13,0	0,038	0,032	16,063
13,1	0,043	-0,018	16,378
13,2	0,049	-0,046	16,693
13,3	0,056	0,008	17,008
13,4	0,064	0,065	17,323
13,5	0,075	0,017	17,638
13,6	0,088	-0,081	17,953
13,7	0,103	-0,060	18,268
13,8	0,119	0,080	18,583
13,9	0,141	0,114	18,898
14,0	0,176	-0,077	19,213
14,1	0,231	-0,231	19,528
14,2	0,312	-0,024	19,843
14,3	0,418	0,377	20,157
14,4	0,543	0,390	20,472
14,5	0,675	-0,200	20,787
14,6	0,800	-0,789	21,102
14,7	0,893	-0,610	21,417
14,8	0,930	0,249	21,732
14,9	0,892	0,853	22,047
15,0	0,785	0,553	22,362
15,1	0,643	-0,217	22,677
15,2	0,514	-0,519	22,992
15,3	0,439	-0,102	23,307
15,4	0,424	0,377	23,622
15,5	0,439	0,292	23,937
15,6	0,437	-0,178	24,252
15,7	0,392	-0,401	24,567
15,8	0,311	-0,166	24,882
15,9	0,226	0,135	25,197
16,0	0,172	0,123	25,512
16,1	0,154	-0,092	25,827
16,2	0,155	-0,168	26,142
16,3	0,149	-0,031	26,457
16,4	0,124	0,093	26,772
16,5	0,090	0,050	27,087
16,6	0,063	-0,050	27,402
16,7	0,055	-0,044	27,717
16,8	0,061	0,040	28,031
16,9	0,068	0,061	28,346
17,0	0,069	-0,008	28,583
17,1	0,064	-0,058	28,976
17,2	0,059	-0,016	29,134
17,3	0,058	0,054	29,528
17,4	0,059	0,054	29,921
17,5	0,056	-0,006	30,079
17,6	0,048	-0,040	30,551
17,7	0,038	-0,011	30,866
17,8	0,032	0,032	30,709
17,9	0,032	0,030	30,709
18,0	0,033	-0,007	30,709
18,1	0,032	-0,027	30,709
18,2	0,027	-0,011	30,709
18,3	0,020	0,015	30,709
18,4	0,015	0,017	30,709
18,5	0,014	-0,001	30,709
18,6	0,017	-0,014	30,709
18,7	0,021	-0,005	30,709
18,8	0,023	0,015	30,709
18,9	0,023	0,024	30,709
19,0	0,022	0,012	30,709
19,1	0,021	-0,010	30,709
19,2	0,020	-0,019	30,709
19,3	0,020	-0,004	30,709
19,4	0,021	0,017	30,709
19,5	0,021	0,020	30,709
19,6	0,021	0,001	30,630
19,7	0,020	-0,017	30,709
19,8	0,018	-0,014	30,709
19,9	0,016	0,005	30,630
20,0	0,014	0,014	30,709
20,1	0,013	0,005	30,709
20,2	0,012	-0,008	30,630
20,3	0,012	-0,011	30,630
20,4	0,011	-0,003	30,630
20,5	0,011	0,005	30,630
20,6	0,012	0,009	30,551
20,7	0,013	0,012	30,551
20,8	0,015	0,015	30,551
20,9	0,017	0,011	30,630
21,0	0,017	0,000	30,630
21,1	0,015	-0,009	30,551
21,2	0,011	-0,011	30,551
21,3	0,008	-0,007	30,630
21,4	0,007	-0,006	30,551
21,5	0,009	-0,005	30,551
21,6	0,012	0,003	30,551
21,7	0,016	0,014	30,551
21,8	0,018	0,015	30,551
21,9	0,017	0,002	30,551
22,0	0,014	-0,012	30,551
22,1	0,011	-0,011	30,551
22,2	0,010	0,002	30,551
22,3	0,011	0,010	30,551
22,4	0,014	0,003	30,551
22,5	0,016	-0,012	30,551
22,6	0,017	-0,017	30,551
22,7	0,016	-0,011	30,551
22,8	0,013	0,000	30,551
22,9	0,009	0,006	30,551
23,0	0,005	0,005	30,551
23,1	0,003	0,002	30,551
23,2	0,002	0,000	30,551
23,3	0,002	-0,003	30,551
23,4	0,004	-0,003	30,551
23,5	0,006	-0,001	30,551
23,6	0,008	0,004	30,551
23,7	0,008	0,008	30,551
23,8	0,007	0,006	30,551
23,9	0,005	0,002	30,551
24,0	0,004	0,000	30,551
24,1	0,004	0,001	30,551
24,2	0,007	0,000	30,551
24,3	0,009	-0,006	30,551
24,4	0,011	-0,012	30,551
24,5	0,013	-0,009	30,551
24,6	0,013	0,003	30,551
24,7	0,013	0,012	30,551
24,8	0,012	0,006	30,551
24,9	0,011	-0,007	30,551
25,0	0,011	-0,011	30,551
25,1	0,011	0,000	30,551
25,2	0,012	0,011	30,551
25,3	0,013	0,006	30,551
25,4	0,013	-0,009	30,551
25,5	0,012	-0,013	30,551
25,6	0,011	-0,001	30,551
25,7	0,009	0,008	30,551
25,8	0,009	0,001	30,551
25,9	0,008	-0,008	30,551
26,0	0,008	-0,003	30,551
26,1	0,008	0,008	30,551
26,2	0,009	0,004	30,551
26,3	0,012	-0,010	30,551
26,4	0,017	-0,007	30,551
26,5	0,022	0,015	30,551
26,6	0,024	0,023	30,551
26,7	0,023	-0,001	30,551
26,8	0,021	-0,020	30,551
26,9	0,023	0,001	30,551
27,0	0,029	0,029	30,551
27,1	0,040	0,008	30,551
27,2	0,050	-0,045	30,551
27,3	0,057	-0,040	30,551
27,4	0,061	0,032	30,551
27,5	0,065	0,058	30,551
27,6	0,076	-0,028	30,551
27,7	0,098	-0,096	30,551
27,8	0,139	0,014	30,551
27,9	0,202	0,198	30,551
28,0	0,291	0,139	30,551
28,1	0,404	-0,239	30,551
28,2	0,530	-0,527	30,551
28,3	0,651	-0,267	30,551
28,4	0,747	0,409	30,551
28,5	0,803	0,803	30,394
28,6	0,816	0,447	30,551
28,7	0,789	-0,318	30,551
28,8	0,727	-0,715	30,551
28,9	0,631	-0,425	30,551
29,0	0,505	0,123	30,551
29,1	0,361	0,349	30,551
29,2	0,223	0,173	30,551
29,3	0,121	-0,043	30,551
29,4	0,071	-0,045	30,551
29,5	0,068	0,058	30,551
29,6	0,083	0,059	30,551
29,7	0,089	-0,037	30,551
29,8	0,074	-0,078	30,551
29,9	0,049	-0,024	30,551
30,0	0,034	0,018	30,551
30,1	0,042	-0,021	30,551
30,2	0,064	-0,074	30,551
30,3	0,081	-0,053	30,551
30,4	0,076	0,017	30,551
30,5	0,052	0,046	30,551
30,6	0,026	0,015	30,551
30,7	0,016	-0,012	30,472
30,8	0,027	0,010	30,551
30,9	0,047	0,048	30,551
31,0	0,060	0,046	30,551
31,1	0,056	0,004	30,551
31,2	0,039	-0,029	30,551
31,3	0,020	-0,025	30,551
31,4	0,009	-0,004	30,551
31,5	0,008	0,004	30,472
31,6	0,012	-0,006	30,394
31,7	0,016	-0,015	30,551
31,8	0,017	-0,011	30,551
31,9	0,016	0,001	30,551
32,0	0,015	0,010	30,551
32,1	0,014	0,013	30,551
32,2	0,012	0,010	30,551
32,3	0,009	0,006	30,472
32,4	0,007	0,004	30,551
32,5	0,008	0,003	30,551
32,6	0,011	-0,001	30,551
32,7	0,016	-0,009	30,551
32,8	0,020	-0,018	30,551
32,9	0,019	-0,018	30,551
33,0	0,016	-0,009	30,551
33,1	0,011	-0,001	30,472
33,2	0,008	0,001	30,472
33,3	0,008	-0,002	30,472
33,4	0,011	0,000	30,472
33,5	0,014	0,007	30,394
33,6	0,016	0,014	30,551
33,7	0,015	0,013	30,551
33,8	0,012	0,006	30,551
33,9	0,008	-0,001	30,551
34,0	0,004	-0,004	30,551
34,1	0,002	-0,002	30,551
34,2	0,002	-0,001	30,551
34,3	0,003	-0,002	30,472
34,4	0,006	-0,006	30,472
34,5	0,009	-0,009	30,472
34,6	0,011	-0,007	30,551
34,7	0,012	-0,001	30,472
34,8	0,011	0,006	30,551
34,9	0,009	0,008	30,551
35,0	0,006	0,006	30,472
35,1	0,005	0,004	30,551
35,2	0,006	0,005	30,472
35,3	0,008	0,008	30,551
35,4	0,010	0,005	30,472
35,5	0,012	-0,002	30,551
35,6	0,012	-0,010	30,551
35,7	0,011	-0,011	30,551
35,8	0,010	-0,007	30,551
35,9	0,008	-0,001	30,551
36,0	0,007	0,002	30,551
36,1	0,006	0,003	30,551
36,2	0,006	0,004	30,472
36,3	0,006	0,006	30,394
36,4	0,007	0,007	30,472
36,5	0,007	0,005	30,472
36,6	0,006	0,001	30,472
36,7	0,005	-0,003	30,472
36,8	0,003	-0,003	30,551
36,9	0,002	-0,001	30,551
37,0	0,002	0,001	30,551
37,1	0,002	0,001	30,394
37,2	0,002	0,000	30,472
37,3	0,003	-0,001	30,551
37,4	0,004	-0,002	30,472
37,5	0,005	-0,004	30,472
37,6	0,008	-0,008	30,551
37,7	0,010	-0,009	30,472
37,8	0,011	-0,006	30,472
37,9	0,011	0,000	30,472
38,0	0,010	0,004	30,394
38,1	0,009	0,006	30,472
38,2	0,009	0,008	30,472
38,3	0,010	0,009	30,394
38,4	0,010	0,009	30,472
38,5	0,008	0,004	30,551
38,6	0,006	-0,001	30,551
38,7	0,003	-0,002	30,551
38,8	0,001	0,000	30,472
38,9	0,002	0,001	30,472
39,0	0,003	0,000	30,551
39,1	0,003	-0,003	30,472
39,2	0,003	-0,003	30,472
39,3	0,002	-0,001	30,394
39,4	0,001	-0,001	30,551
39,5	0,001	-0,001	30,394
39,6	0,001	-0,001	30,551
39,7	0,002	0,000	30,472
39,8	0,002	0,000	30,472
39,9	0,002	0,000	30,394
40,0	0,003	0,002	30,472
40,1	0,006	0,006	30,394
40,2	0,009	0,007	30,394
40,3	0,011	0,000	30,394
40,4	0,011	-0,008	30,394
40,5	0,008	-0,009	30,472
40,6	0,005	-0,002	30,472
40,7	0,004	0,002	30,394
40,8	0,004	-0,001	30,472
40,9	0,005	-0,002	30,472
41,0	0,007	0,004	30,394
41,1	0,007	0,009	30,394
41,2	0,007	0,003	30,394
41,3	0,007	-0,004	30,394
41,4	0,009	0,003	30,394
41,5	0,014	0,015	30,394
41,6	0,022	0,005	30,472
41,7	0,033	-0,028	30,551
41,8	0,048	-0,036	30,551
41,9	0,069	0,019	30,472
42,0	0,097	0,094	30,394
42,1	0,128	0,091	30,394
42,2	0,159	-0,027	30,394
42,3	0,186	-0,166	30,394
42,4	0,205	-0,187	30,472
42,5	0,211	-0,057	30,394
42,6	0,206	0,113	30,394
42,7	0,189	0,187	30,394
42,8	0,164	0,131	30,394
42,9	0,134	0,021	30,394
43,0	0,104	-0,055	30,472
43,1	0,079	-0,073	30,472
43,2	0,058	-0,056	30,472
43,3	0,042	-0,033	30,394
43,4	0,030	-0,013	30,394
43,5	0,021	-0,002	30,394
43,6	0,017	0,000	30,394
43,7	0,017	0,000	30,394
43,8	0,021	0,006	30,472
43,9	0,025	0,019	30,394
44,0	0,026	0,026	30,394
44,1	0,024	0,021	30,394
44,2	0,018	0,010	30,472
44,3	0,014	0,003	30,472
44,4	0,011	0,000	30,551
44,5	0,012	-0,003	30,394
44,6	0,013	-0,008	30,394
44,7	0,014	-0,013	30,394
44,8	0,013	-0,013	30,394
44,9	0,012	-0,009	30,394
45,0	0,010	-0,005	30,394
45,1	0,009	0,000	30,394
45,2	0,008	0,005	30,394
45,3	0,006	0,006	30,394
45,4	0,004	0,003	30,394
45,5	0,003	-0,001	30,472
45,6	0,003	-0,001	30,472
45,7	0,003	0,003	30,472
45,8	0,005	0,005	30,551
45,9	0,006	0,001	30,394
46,0	0,007	-0,005	30,394
46,1	0,009	-0,009	30,394
46,2	0,010	-0,006	30,472
46,3	0,011	0,001	30,394
46,4	0,011	0,006	30,472
46,5	0,011	0,010	30,472
46,6	0,011	0,010	30,472
46,7	0,010	0,009	30,551
46,8	0,008	0,005	30,551
46,9	0,007	0,000	30,394
47,0	0,005	-0,002	30,394
47,1	0,003	-0,001	30,394
47,2	0,003	0,000	30,394
47,3	0,003	-0,001	30,394
47,4	0,005	-0,003	30,394
47,5	0,006	-0,006	30,394
47,6	0,007	-0,006	30,394
47,7	0,007	-0,003	30,394
47,8	0,006	0,001	30,394
47,9	0,005	0,004	30,394
48,0	0,004	0,004	30,394
48,1	0,003	0,002	30,394
48,2	0,002	0,000	30,472
48,3	0,001	0,000	30,394
48,4	0,002	0,000	30,394
48,5	0,003	-0,001	30,394
48,6	0,005	-0,004	30,394
48,7	0,006	-0,005	30,394
48,8	0,006	-0,003	30,394
48,9	0,005	0,001	30,394
49,0	0,003	0,003	30,394
49,1	0,002	0,002	30,394
49,2	0,001	0,000	30,394
49,3	0,002	0,000	30,394
49,4	0,002	0,001	30,394
49,5	0,002	0,002	30,394
49,6	0,001	0,001	30,394
49,7	0,002	0,000	30,394
49,8	0,002	0,000	30,394
49,9	0,003	0,001	30,394
50,0	0,004	0,004	30,394
50,1	0,004	0,004	30,394
50,2	0,003	0,002	30,394
50,3	0,002	0,002	30,394
50,4	0,003	0,003	30,394
50,5	0,004	0,004	30,394
50,6	0,005	0,004	30,472
50,7	0,005	0,001	30,394
50,8	0,004	-0,002	30,394
50,9	0,002	-0,002	30,394
51,0	0,001	-0,001	30,394
51,1	0,000	0,000	30,394
51,2	0,001	-0,001	30,394
51,3	0,002	-0,001	30,394
51,4	0,004	0,001	30,394
51,5	0,006	0,005	30,394
51,6	0,007	0,007	30,394
51,7	0,009	0,005	30,394
51,8	0,009	-0,001	30,394
51,9	0,009	-0,006	30,394
52,0	0,008	-0,008	30,394
52,1	0,007	-0,007	30,394
52,2	0,006	-0,004	30,394
52,3	0,005	-0,003	30,394
52,4	0,005	-0,001	30,394
52,5	0,005	0,000	30,394
52,6	0,005	0,002	30,472
52,7	0,005	0,004	30,394
52,8	0,004	0,004	30,472
52,9	0,003	0,003	30,394
53,0	0,002	0,001	30,394
53,1	0,002	0,001	30,394
53,2	0,003	0,002	30,394
53,3	0,004	0,002	30,394
53,4	0,005	-0,001	30,394
53,5	0,006	-0,005	30,394
53,6	0,007	-0,006	30,394
53,7	0,006	-0,005	30,394
53,8	0,005	0,000	30,394
53,9	0,004	0,002	30,394
54,0	0,003	0,002	30,394
54,1	0,002	0,001	30,394
54,2	0,002	0,001	30,394
54,3	0,003	0,002	30,394
54,4	0,004	0,004	30,472
54,5	0,005	0,004	30,394
54,6	0,005	0,002	30,394
54,7	0,005	0,000	30,394
54,8	0,004	-0,002	30,394
54,9	0,004	-0,003	30,394
55,0	0,004	-0,004	30,394
55,1	0,004	-0,004	30,394
55,2	0,005	-0,003	30,394
55,3	0,005	-0,001	30,394
55,4	0,006	0,003	30,394
55,5	0,006	0,007	30,394
55,6	0,008	0,004	30,394
55,7	0,012	-0,006	30,394
55,8	0,017	-0,017	30,394
55,9	0,024	-0,017	30,394
56,0	0,031	0,001	30,394
56,1	0,038	0,028	30,394
56,2	0,045	0,044	30,394
56,3	0,050	0,034	30,394
56,4	0,054	-0,001	30,394
56,5	0,056	-0,039	30,394
56,6	0,056	-0,056	30,394
56,7	0,054	-0,041	30,394
56,8	0,051	-0,005	30,394
56,9	0,045	0,027	30,394
57,0	0,039	0,038	30,394
57,1	0,030	0,026	30,394
57,2	0,022	0,008	30,394
57,3	0,014	-0,002	30,394
57,4	0,010	-0,004	30,394
57,5	0,009	-0,003	30,394
57,6	0,010	-0,006	30,394
57,7	0,011	-0,011	30,394
57,8	0,011	-0,011	30,394
57,9	0,010	-0,009	30,394
58,0	0,009	-0,006	30,394
58,1	0,009	-0,004	30,394
58,2	0,009	-0,001	30,394
58,3	0,010	0,003	30,394
58,4	0,009	0,007	30,394
58,5	0,008	0,008	30,394
58,6	0,006	0,005	30,394
58,7	0,004	0,003	30,394
58,8	0,004	0,003	30,394
58,9	0,005	0,001	30,394
59,0	0,006	-0,003	30,394
59,1	0,006	-0,006	30,394
59,2	0,005	-0,004	30,394
59,3	0,004	0,000	30,394
59,4	0,003	0,002	30,394
59,5	0,003	0,000	30,394
59,6	0,004	-0,004	30,394
59,7	0,006	-0,004	30,394
59,8	0,007	0,000	30,394
59,9	0,007	0,005	30,394
60,0	0,007	0,007	30,394
60,1	0,006	0,004	30,394
60,2	0,005	0,000	30,394
60,3	0,004	-0,002	30,394
60,4	0,003	-0,003	30,394
60,5	0,002	-0,002	30,394
60,6	0,003	-0,002	30,394
60,7	0,003	-0,002	30,394
60,8	0,004	0,000	30,394
60,9	0,004	0,002	30,394
61,0	0,004	0,004	30,394
61,1	0,003	0,004	30,394
61,2	0,002	0,002	30,394
61,3	0,002	0,001	30,394
61,4	0,001	0,001	30,394
61,5	0,002	0,002	30,394
61,6	0,002	0,002	30,394
61,7	0,002	0,001	30,394
61,8	0,002	0,001	30,394
61,9	0,002	0,001	30,394
62,0	0,003	0,000	30,394
62,1	0,003	-0,002	30,394
62,2	0,003	-0,003	30,394
62,3	0,003	-0,003	30,394
62,4	0,002	-0,001	30,394
62,5	0,001	0,000	30,394
62,6	0,001	-0,001	30,394
62,7	0,002	-0,001	30,394
62,8	0,003	0,000	30,394
62,9	0,005	0,003	30,394
63,0	0,006	0,005	30,394
63,1	0,006	0,004	30,394
63,2	0,006	0,001	30,394
63,3	0,005	-0,003	30,394
63,4	0,005	-0,005	30,394
63,5	0,004	-0,004	30,394
63,6	0,004	-0,002	30,394
63,7	0,003	-0,001	30,394
63,8	0,003	0,000	30,394
63,9	0,003	0,001	30,394
64,0	0,002	0,002	30,394
64,1	0,002	0,002	30,394
64,2	0,001	0,001	30,394
64,3	0,000	0,000	30,394
64,4	0,000	0,000	30,394
64,5	0,001	0,000	30,394
64,6	0,002	0,001	30,394
64,7	0,003	0,002	30,394
64,8	0,003	0,003	30,394
64,9	0,004	0,002	30,394
65,0	0,003	-0,001	30,394
65,1	0,003	-0,003	30,394
65,2	0,002	-0,001	30,394
65,3	0,002	0,002	30,394
65,4	0,003	0,002	30,394
65,5	0,003	-0,001	30,394
65,6	0,004	-0,004	30,394
65,7	0,004	-0,003	30,394
65,8	0,004	0,001	30,394
65,9	0,004	0,003	30,394
66,0	0,003	0,003	30,394
66,1	0,004	0,003	30,394
66,2	0,004	0,005	30,394
66,3	0,006	0,004	30,394
66,4	0,006	0,000	30,394
66,5	0,007	-0,005	30,394
66,6	0,006	-0,006	30,394
66,7	0,005	-0,002	30,394
66,8	0,003	0,002	30,394
66,9	0,002	0,002	30,394
67,0	0,001	0,001	30,394
67,1	0,001	0,001	30,394
67,2	0,001	0,001	30,394
67,3	0,002	0,001	30,394
67,4	0,003	-0,001	30,394
67,5	0,004	-0,003	30,394
67,6	0,004	-0,003	30,394
67,7	0,003	-0,002	30,394
67,8	0,002	0,000	30,394
67,9	0,001	0,001	30,394
68,0	0,001	0,000	30,394
68,1	0,001	0,000	30,394
68,2	0,001	0,000	30,394
68,3	0,002	0,001	30,394
68,4	0,002	0,002	30,394
68,5	0,002	0,001	30,394
68,6	0,002	-0,002	30,394
68,7	0,003	-0,003	30,394
68,8	0,004	-0,001	30,394
68,9	0,005	0,002	30,394
69,0	0,005	0,004	30,394
69,1	0,004	0,004	30,394
69,2	0,002	0,002	30,394
69,3	0,001	0,000	30,394
69,4	0,002	0,001	30,472
69,5	0,003	0,003	30,394
69,6	0,005	0,006	30,394
69,7	0,008	0,006	30,394
69,8	0,010	0,002	30,394
69,9	0,011	-0,005	30,394
70,0	0,013	-0,012	30,394
70,1	0,015	-0,015	30,394
70,2	0,018	-0,007	30,394
70,3	0,020	0,007	30,394
70,4	0,021	0,019	30,394
70,5	0,021	0,020	30,394
70,6	0,020	0,009	30,394
70,7	0,019	-0,005	30,394
70,8	0,016	-0,013	30,394
70,9	0,014	-0,013	30,394
71,0	0,010	-0,008	30,394
71,1	0,007	-0,002	30,394
71,2	0,004	0,001	30,394
71,3	0,002	0,001	30,394
71,4	0,002	-0,001	30,394
71,5	0,003	-0,002	30,394
71,6	0,004	-0,002	30,394
71,7	0,006	0,002	30,394
71,8	0,007	0,005	30,394
71,9	0,007	0,007	30,394
72,0	0,006	0,005	30,394
72,1	0,005	0,002	30,394
72,2	0,004	-0,001	30,394
72,3	0,003	-0,002	30,394
72,4	0,002	-0,002	30,394
72,5	0,002	-0,002	30,394
72,6	0,002	-0,002	30,394
72,7	0,002	-0,002	30,394
72,8	0,002	0,000	30,394
72,9	0,002	0,001	30,394
73,0	0,002	0,002	30,394
73,1	0,003	0,001	30,394
73,2	0,003	-0,002	30,394
73,3	0,004	-0,003	30,394
73,4	0,003	-0,003	30,394
73,5	0,003	-0,001	30,394
73,6	0,002	0,000	30,394
73,7	0,002	0,000	30,394
73,8	0,002	0,000	30,394
73,9	0,003	0,001	30,394
74,0	0,003	0,002	30,394
74,1	0,002	0,002	30,394
74,2	0,002	0,001	30,394
74,3	0,002	0,001	30,394
74,4	0,002	0,002	30,394
74,5	0,003	0,003	30,394
74,6	0,004	0,004	30,394
74,7	0,004	0,003	30,394
74,8	0,004	0,000	30,394
74,9	0,004	-0,002	30,394
75,0	0,004	-0,004	30,394
75,1	0,005	-0,004	30,394
75,2	0,005	-0,002	30,394
75,3	0,006	0,001	30,394
75,4	0,005	0,004	30,394
75,5	0,005	0,004	30,394
75,6	0,003	0,003	30,394
75,7	0,002	0,002	30,394
75,8	0,001	0,001	30,394
75,9	0,001	0,000	30,394
76,0	0,001	0,001	30,394
76,1	0,002	0,002	30,394
76,2	0,003	0,003	30,394
76,3	0,004	0,002	30,394
76,4	0,004	-0,001	30,394
76,5	0,004	-0,004	30,394
76,6	0,005	-0,003	30,394
76,7	0,006	0,001	30,394
76,8	0,007	0,006	30,394
76,9	0,008	0,007	30,394
77,0	0,007	0,002	30,394
77,1	0,006	-0,004	30,394
77,2	0,005	-0,005	30,394
77,3	0,004	-0,001	30,394
77,4	0,004	0,003	30,394
77,5	0,004	0,004	30,394
77,6	0,004	0,002	30,394
77,7	0,003	0,000	30,394
77,8	0,003	-0,001	30,394
77,9	0,004	-0,003	30,394
78,0	0,004	-0,004	30,394
78,1	0,005	-0,004	30,394
78,2	0,005	-0,001	30,394
78,3	0,005	0,003	30,394
78,4	0,004	0,004	30,394
78,5	0,003	0,002	30,394
78,6	0,002	0,001	30,394
78,7	0,001	0,001	30,394
78,8	0,001	0,001	30,394
78,9	0,002	-0,001	30,394
79,0	0,002	-0,002	30,394
79,1	0,003	-0,001	30,394
79,2	0,004	0,003	30,394
79,3	0,004	0,005	30,394
79,4	0,005	0,002	30,394
79,5	0,005	-0,003	30,394
79,6	0,004	-0,004	30,394
79,7	0,004	-0,001	30,394
79,8	0,004	0,003	30,394
79,9	0,003	0,003	30,394
80,0	0,003	0,000	30,394
80,1	0,003	-0,002	30,394
80,2	0,003	0,000	30,394
80,3	0,004	0,004	30,394
80,4	0,006	0,005	30,394
80,5	0,007	0,001	30,394
80,6	0,007	-0,005	30,394
80,7	0,008	-0,007	30,394
80,8	0,007	-0,004	30,394
80,9	0,006	0,001	30,394
81,0	0,004	0,004	30,394
81,1	0,003	0,003	30,394
81,2	0,002	0,001	30,394
81,3	0,002	0,001	30,394
81,4	0,003	0,003	30,394
81,5	0,005	0,005	30,394
81,6	0,006	0,004	30,394
81,7	0,006	0,000	30,394
81,8	0,005	-0,003	30,394
81,9	0,004	-0,004	30,394
82,0	0,003	-0,003	30,394
82,1	0,002	-0,001	30,394
82,2	0,001	-0,001	30,394
82,3	0,001	0,000	30,394
82,4	0,001	0,000	30,394
82,5	0,001	0,001	30,394
82,6	0,001	0,001	30,394
82,7	0,000	0,000	30,394
82,8	0,000	0,000	30,394
82,9	0,001	0,000	30,394
83,0	0,001	0,000	30,394
83,1	0,001	0,001	30,394
83,2	0,001	0,001	30,394
83,3	0,001	0,001	30,394
83,4	0,001	0,001	30,394
83,5	0,001	0,000	30,394
83,6	0,001	0,001	30,394
83,7	0,002	0,002	30,394
83,8	0,002	0,002	30,394
83,9	0,002	0,002	30,394
84,0	0,002	0,001	30,394
84,1	0,002	0,001	30,394
84,2	0,003	0,001	30,394
84,3	0,003	-0,001	30,394
84,4	0,004	-0,003	30,394
84,5	0,004	-0,004	30,394
84,6	0,005	-0,001	30,394
84,7	0,005	0,003	30,394
84,8	0,006	0,006	30,394
84,9	0,006	0,005	30,394
85,0	0,006	0,002	30,394
85,1	0,006	-0,002	30,394
85,2	0,006	-0,004	30,394
85,3	0,006	-0,005	30,394
85,4	0,005	-0,005	30,394
85,5	0,005	-0,003	30,394
85,6	0,004	0,001	30,394
85,7	0,003	0,003	30,394
85,8	0,003	0,002	30,394
85,9	0,003	-0,001	30,394
86,0	0,003	-0,003	30,394
86,1	0,003	-0,002	30,394
86,2	0,003	0,001	30,394
86,3	0,003	0,003	30,394
86,4	0,003	0,003	30,394
86,5	0,003	0,002	30,394
86,6	0,004	-0,001	30,394
86,7	0,005	-0,003	30,394
86,8	0,004	-0,004	30,394
86,9	0,004	-0,003	30,394
87,0	0,003	-0,001	30,394
87,1	0,002	0,000	30,394
87,2	0,002	-0,001	30,394
87,3	0,003	-0,001	30,394
87,4	0,003	0,000	30,394
87,5	0,003	0,002	30,394
87,6	0,002	0,003	30,394
87,7	0,002	0,001	30,394
87,8	0,002	0,000	30,394
87,9	0,002	0,001	30,394
88,0	0,003	0,003	30,394
88,1	0,003	0,003	30,394
88,2	0,003	0,000	30,394
88,3	0,003	-0,003	30,394
88,4	0,004	-0,001	30,394
88,5	0,005	0,003	30,394
88,6	0,005	0,005	30,394
88,7	0,004	0,004	30,394
88,8	0,003	0,002	30,394
88,9	0,003	0,002	30,394
89,0	0,004	0,003	30,394
89,1	0,005	0,001	30,394
89,2	0,006	-0,003	30,394
89,3	0,006	-0,005	30,394
89,4	0,004	-0,003	30,394
89,5	0,002	0,000	30,394
89,6	0,001	0,000	30,394
89,7	0,002	-0,001	30,394
89,8	0,003	0,001	30,394
89,9	0,005	0,004	30,394
90,0	0,005	0,005	30,394
90,1	0,005	0,003	30,394
90,2	0,004	0,000	30,394
90,3	0,003	-0,001	30,394
90,4	0,002	-0,001	30,394
90,5	0,002	-0,002	30,394
90,6	0,002	-0,002	30,394
90,7	0,002	-0,002	30,394
90,8	0,002	0,001	30,394
90,9	0,003	0,003	30,394
91,0	0,003	0,001	30,394
91,1	0,003	-0,001	30,394
91,2	0,002	-0,003	30,394
91,3	0,002	-0,001	30,394
91,4	0,001	0,001	30,394
91,5	0,002	0,001	30,394
91,6	0,002	-0,001	30,315
91,7	0,003	-0,002	30,394
91,8	0,003	-0,003	30,394
91,9	0,004	-0,004	30,394
92,0	0,005	-0,004	30,394
92,1	0,006	-0,004	30,394
92,2	0,006	-0,001	30,394
92,3	0,006	0,002	30,394
92,4	0,005	0,004	30,394
92,5	0,004	0,004	30,394
92,6	0,003	0,002	30,394
92,7	0,002	0,001	30,394
92,8	0,002	0,002	30,394
92,9	0,003	0,003	30,394
93,0	0,003	0,003	30,394
93,1	0,004	0,003	30,394
93,2	0,006	0,005	30,394
93,3	0,007	0,007	30,394
93,4	0,008	0,005	30,394
93,5	0,007	0,000	30,394
93,6	0,006	-0,004	30,394
93,7	0,004	-0,003	30,394
93,8	0,003	0,001	30,394
93,9	0,003	0,003	30,394
94,0	0,003	0,000	30,394
94,1	0,004	-0,003	30,394
94,2	0,003	-0,002	30,394
94,3	0,003	0,000	30,394
94,4	0,002	0,002	30,394
94,5	0,001	0,002	30,394
94,6	0,002	0,001	30,394
94,7	0,003	0,002	30,394
94,8	0,004	0,001	30,394
94,9	0,004	-0,001	30,394
95,0	0,003	-0,003	30,394
95,1	0,002	-0,002	30,394
95,2	0,002	0,000	30,394
95,3	0,002	-0,001	30,394
95,4	0,004	-0,003	30,394
95,5	0,004	-0,005	30,394
95,6	0,005	-0,004	30,394
95,7	0,004	-0,002	30,394
95,8	0,004	-0,001	30,394
95,9	0,004	-0,001	30,394
96,0	0,005	0,001	30,394
96,1	0,006	0,005	30,394
96,2	0,006	0,006	30,394
96,3	0,006	0,004	30,394
96,4	0,005	0,000	30,394
96,5	0,004	-0,002	30,394
96,6	0,003	-0,003	30,394
96,7	0,003	-0,003	30,394
96,8	0,003	-0,002	30,394
96,9	0,003	0,000	30,394
97,0	0,003	0,002	30,394
97,1	0,002	0,002	30,394
97,2	0,002	0,000	30,394
97,3	0,002	-0,002	30,394
97,4	0,002	0,000	30,394
97,5	0,003	0,003	30,394
97,6	0,003	0,003	30,394
97,7	0,003	0,000	30,394
97,8	0,002	-0,002	30,394
97,9	0,002	-0,002	30,394
98,0	0,001	0,000	30,394
98,1	0,001	-0,001	30,394
98,2	0,002	-0,002	30,394
98,3	0,004	-0,002	30,394
98,4	0,004	0,001	30,394
98,5	0,005	0,004	30,394
98,6	0,004	0,003	30,394
98,7	0,003	0,000	30,394
98,8	0,003	-0,003	30,394
98,9	0,003	-0,003	30,394
99,0	0,004	0,000	30,394
99,1	0,006	0,003	30,394
99,2	0,006	0,005	30,394
99,3	0,005	0,005	30,394
99,4	0,004	0,002	30,394
99,5	0,002	-0,001	30,394
99,6	0,002	0,000	30,394
99,7	0,003	0,004	30,394
99,8	0,006	0,003	30,394
99,9	0,007	-0,003	30,394
